					max_d_1 	 mean_d_1 	 max_plane_d_1 	 mean_plane_d_1 	 max_d_2 	 mean_d_2 	 max_plane_d_2 	 mean_plane_d_2


data1
mean100_max0		1.057495 	 0.572836  	  0.410021    	    0.072757    	 1.077159 	 0.586983 	   0.510008 	   0.078125
mean90_max10		1.093915 	 0.565867  	  0.264875    	    0.057839    	 1.105508 	 0.580961 	   0.222507 	   0.064347
mean80_max20		1.033299 	 0.562554  	  0.255339    	    0.060618    	 1.082573 	 0.580097 	   0.217183 	   0.063141
mean75_max25		1.042777 	 0.568366  	  0.283042    	    0.063782    	 1.092067 	 0.576996 	   0.225967 	   0.065552
mean70_max30		1.203239 	 0.570611  	  0.295106    	    0.078012    	 1.042674 	 0.567980 	   0.259468 	   0.062181
mean60_max40		1.076095 	 0.564985  	  0.273224    	    0.088968    	 1.076095 	 0.564985 	   0.273224 	   0.088968
mean50_max50		1.079968 	 0.600220  	  0.352586    	    0.093533    	 1.070257 	 0.598115 	   0.277563 	   0.075678
mean40_max60		1.060177 	 0.577805  	  0.346378    	    0.079253    	 1.089267 	 0.589803 	   0.273162 	   0.085695
mean30_max70		1.160660 	 0.561315  	  0.213357    	    0.069281    	 1.160660 	 0.561315 	   0.213357 	   0.069281
mean20_max80		1.066704 	 0.575534  	  0.242400    	    0.075723    	 1.066704 	 0.575534 	   0.242400 	   0.075723
mean10_max90		1.095995 	 0.628356  	  0.653776    	    0.250453    	 1.066761 	 0.580686 	   0.228787 	   0.075377

data2
mean100_max0		1.112672 	 0.561213  	  0.417902    	    0.070682    	 1.074187 	 0.602515 	   0.750386 	   0.099077
mean90_max10		1.071414 	 0.570223  	  0.246822    	    0.061317    	 1.074987 	 0.568750 	   0.243417 	   0.060005
mean80_max20		1.087591 	 0.580053  	  0.212345    	    0.066955    	 1.118020 	 0.564276 	   0.225557 	   0.063757
mean75_max25		1.080231 	 0.600206  	  0.309620    	    0.098979    	 1.048972 	 0.565835 	   0.296161 	   0.060479
mean70_max30		1.125821 	 0.592253  	  0.265156    	    0.064866    	 1.125821 	 0.592253 	   0.265156 	   0.064866
mean60_max40		1.080384 	 0.576106  	  0.340679    	    0.103021    	 1.067754 	 0.557140 	   0.381141 	   0.068388
mean50_max50		1.080836 	 0.576095  	  0.251811    	    0.088296    	 1.106071 	 0.597169 	   0.266157 	   0.064536
mean40_max60		1.055282 	 0.590669  	  0.291445    	    0.089409    	 1.055282 	 0.590669 	   0.291445 	   0.089409
mean30_max70		1.145404 	 0.637925  	  0.595449    	    0.166059    	 1.119693 	 0.561168 	   0.234496 	   0.100476
mean20_max80		1.097524 	 0.562038  	  0.253485    	    0.090971    	 1.032796 	 0.593289 	   0.268563 	   0.081365
mean10_max90		1.084652 	 0.578742  	  0.308254    	    0.133574    	 1.106265 	 0.555336 	   0.222529 	   0.080847

data3
mean100_max0		1.059340 	 0.591496  	  0.489195    	    0.070629    	 1.059340 	 0.591496 	   0.489195 	   0.070629
mean90_max10		1.036775 	 0.562341  	  0.265654    	    0.057036    	 1.054938 	 0.555954 	   0.292202 	   0.056840
mean80_max20		1.073225 	 0.569381  	  0.230077    	    0.063696    	 1.129235 	 0.551970 	   0.237183 	   0.060579
mean75_max25		1.139461 	 0.568431  	  0.229345    	    0.063752    	 1.098205 	 0.572997 	   0.200813 	   0.067399
mean70_max30		1.116716 	 0.578946  	  0.227875    	    0.072337    	 1.118999 	 0.566809 	   0.256995 	   0.082497
mean60_max40		1.053727 	 0.565023  	  0.248740    	    0.074377    	 1.053727 	 0.565023 	   0.248740 	   0.074377
mean50_max50		1.027393 	 0.567727  	  0.298941    	    0.064126    	 1.114023 	 0.584769 	   0.309208 	   0.081965
mean40_max60		1.087393 	 0.572154  	  0.250863    	    0.087214    	 1.054368 	 0.561500 	   0.262443 	   0.081449
mean30_max70		1.099316 	 0.568848  	  0.231715    	    0.066291    	 1.125115 	 0.596066 	   0.313509 	   0.095823
mean20_max80		1.057198 	 0.569046  	  0.278629    	    0.063014    	 1.078732 	 0.579599 	   0.294356 	   0.082537
mean10_max90		1.066279 	 0.584981  	  0.389214    	    0.103856    	 1.046500 	 0.573795 	   0.229732 	   0.072415

data4
mean100_max0		1.024582 	 0.566912  	  0.306720    	    0.060860    	 1.053644 	 0.560703 	   0.298272 	   0.056709
mean90_max10		1.165690 	 0.565378  	  0.222902    	    0.060602    	 1.054233 	 0.561713 	   0.256944 	   0.066075
mean80_max20		1.067680 	 0.558463  	  0.266994    	    0.063806    	 1.099772 	 0.552164 	   0.239295 	   0.061681
mean75_max25		1.105956 	 0.557110  	  0.244819    	    0.067168    	 1.100931 	 0.563950 	   0.292031 	   0.064962
mean70_max30		1.118124 	 0.571880  	  0.240852    	    0.062867    	 1.101805 	 0.572095 	   0.297145 	   0.065664
mean60_max40		1.101439 	 0.552892  	  0.224186    	    0.066277    	 1.101974 	 0.585026 	   0.370709 	   0.080756
mean50_max50		1.104018 	 0.570110  	  0.230185    	    0.079428    	 1.107660 	 0.576455 	   0.334161 	   0.098177
mean40_max60		1.150602 	 0.607363  	  0.323888    	    0.090326    	 1.068085 	 0.586983 	   0.301794 	   0.085897
mean30_max70		1.096604 	 0.579137  	  0.330686    	    0.090975    	 1.096604 	 0.579137 	   0.330686 	   0.090975
mean20_max80		1.078893 	 0.589999  	  0.240186    	    0.076119    	 1.089357 	 0.625903 	   0.383874 	   0.139836
mean10_max90		1.112722 	 0.595721  	  0.240240    	    0.086915    	 1.151028 	 0.567530 	   0.198315 	   0.069075

data5
mean100_max0		1.026097 	 0.556894  	  0.277035    	    0.055748    	 1.026097 	 0.556894 	   0.277035 	   0.055748
mean90_max10		1.074606 	 0.555687  	  0.249487    	    0.056727    	 1.109937 	 0.552290 	   0.283478 	   0.058076
mean80_max20		1.106801 	 0.551825  	  0.263604    	    0.066417    	 1.067796 	 0.555401 	   0.291596 	   0.062638
mean75_max25		1.053011 	 0.585214  	  0.256471    	    0.077113    	 1.062379 	 0.570396 	   0.270266 	   0.066488
mean70_max30		1.092630 	 0.572319  	  0.285580    	    0.067332    	 1.053119 	 0.570734 	   0.242469 	   0.067572
mean60_max40		1.071779 	 0.573949  	  0.243009    	    0.084576    	 1.047107 	 0.572268 	   0.297160 	   0.071055
mean50_max50		1.108971 	 0.573724  	  0.449981    	    0.101505    	 1.055141 	 0.578323 	   0.254207 	   0.087508
mean40_max60		1.064494 	 0.577811  	  0.311812    	    0.091531    	 1.136485 	 0.576494 	   0.265650 	   0.079626
mean30_max70		1.127241 	 0.591492  	  0.244023    	    0.085748    	 1.047661 	 0.581506 	   0.298293 	   0.093398
mean20_max80		1.065191 	 0.585862  	  0.271992    	    0.085342    	 1.123073 	 0.555130 	   0.214548 	   0.066200
mean10_max90		1.068769 	 0.611576  	  0.388555    	    0.149505    	 1.119903 	 0.575784 	   0.270080 	   0.082563

data6
mean100_max0		1.041058 	 0.556077  	  0.266666    	    0.056151    	 1.031128 	 0.569384 	   0.350084 	   0.060917
mean90_max10		1.055014 	 0.565600  	  0.231902    	    0.063162    	 1.121429 	 0.565513 	   0.217006 	   0.063880
mean80_max20		1.060765 	 0.554652  	  0.249842    	    0.069511    	 1.074600 	 0.563010 	   0.259760 	   0.060398
mean75_max25		1.095406 	 0.607117  	  0.236895    	    0.071532    	 1.148137 	 0.573863 	   0.281467 	   0.068306
mean70_max30		1.138188 	 0.553484  	  0.306130    	    0.069140    	 1.050967 	 0.586189 	   0.359445 	   0.099730
mean60_max40		1.133363 	 0.595351  	  0.563280    	    0.113331    	 1.203062 	 0.589289 	   0.485750 	   0.128596
mean50_max50		1.064270 	 0.579541  	  0.295172    	    0.094534    	 1.056664 	 0.560792 	   0.301530 	   0.076286
mean40_max60		1.118883 	 0.559616  	  0.256298    	    0.076661    	 1.067514 	 0.559237 	   0.306666 	   0.065363
mean30_max70		1.037881 	 0.599425  	  0.349060    	    0.106086    	 1.051782 	 0.624401 	   0.390128 	   0.140601
mean20_max80		1.086032 	 0.557499  	  0.237835    	    0.081497    	 1.130205 	 0.574634 	   0.209423 	   0.069842
mean10_max90		1.147626 	 0.614294  	  0.250313    	    0.088457    	 1.027671 	 0.592476 	   0.269335 	   0.096146

data7
mean100_max0		1.109506 	 0.552469  	  0.280413    	    0.058186    	 1.036031 	 0.566436 	   0.310212 	   0.059681
mean90_max10		1.195903 	 0.564369  	  0.289707    	    0.058911    	 1.088374 	 0.565985 	   0.239611 	   0.058661
mean80_max20		1.193493 	 0.567690  	  0.217499    	    0.062063    	 1.101476 	 0.558029 	   0.225600 	   0.063692
mean75_max25		1.151346 	 0.571722  	  0.307101    	    0.085669    	 1.187497 	 0.563847 	   0.200918 	   0.064894
mean70_max30		1.068702 	 0.597906  	  0.315682    	    0.094383    	 1.128827 	 0.587644 	   0.401498 	   0.086408
mean60_max40		1.060239 	 0.562207  	  0.252064    	    0.064216    	 1.031530 	 0.581868 	   0.323646 	   0.103114
mean50_max50		1.062662 	 0.572301  	  0.367643    	    0.090207    	 1.063401 	 0.582644 	   0.262465 	   0.077981
mean40_max60		1.133759 	 0.583125  	  0.343583    	    0.107930    	 1.032346 	 0.573372 	   0.240357 	   0.079936
mean30_max70		1.082717 	 0.576448  	  0.293450    	    0.080721    	 1.084219 	 0.555567 	   0.235271 	   0.076854
mean20_max80		1.034613 	 0.577857  	  0.272468    	    0.106903    	 1.034613 	 0.577857 	   0.272468 	   0.106903
mean10_max90		1.052927 	 0.572168  	  0.239392    	    0.073864    	 1.052927 	 0.572168 	   0.239392 	   0.073864

data8
mean100_max0		1.034384 	 0.557271  	  0.281909    	    0.055570    	 1.017260 	 0.555519 	   0.274915 	   0.055781
mean90_max10		1.092082 	 0.552727  	  0.285018    	    0.059404    	 1.065597 	 0.568924 	   0.242429 	   0.061076
mean80_max20		1.109327 	 0.551369  	  0.235593    	    0.060135    	 1.066349 	 0.556729 	   0.228965 	   0.063974
mean75_max25		1.107120 	 0.604622  	  0.300441    	    0.096065    	 1.092135 	 0.578015 	   0.345607 	   0.084116
mean70_max30		1.081666 	 0.564084  	  0.282206    	    0.063636    	 1.092116 	 0.579639 	   0.315092 	   0.091895
mean60_max40		1.166285 	 0.574467  	  0.256422    	    0.080147    	 1.050670 	 0.579854 	   0.262769 	   0.076353
mean50_max50		1.032232 	 0.573225  	  0.249649    	    0.069369    	 1.138124 	 0.596610 	   0.264126 	   0.071712
mean40_max60		1.152605 	 0.594247  	  0.280463    	    0.078857    	 1.133546 	 0.590485 	   0.390020 	   0.117191
mean30_max70		1.090309 	 0.560995  	  0.235915    	    0.090246    	 1.057976 	 0.622583 	   0.444806 	   0.126210
mean20_max80		1.035814 	 0.559457  	  0.231566    	    0.083241    	 1.035814 	 0.559457 	   0.231566 	   0.083241
mean10_max90		1.051867 	 0.578901  	  0.283735    	    0.112032    	 1.084635 	 0.559626 	   0.250402 	   0.080349

data9
mean100_max0		1.011256 	 0.556603  	  0.277753    	    0.055713    	 1.029838 	 0.555904 	   0.276137 	   0.055675
mean90_max10		1.137126 	 0.572616  	  0.219475    	    0.065989    	 1.069112 	 0.573039 	   0.246053 	   0.062778
mean80_max20		1.078923 	 0.571383  	  0.265032    	    0.061863    	 1.078800 	 0.564692 	   0.293084 	   0.060545
mean75_max25		1.081749 	 0.555220  	  0.278563    	    0.069476    	 1.066468 	 0.586318 	   0.270436 	   0.078312
mean70_max30		1.074633 	 0.583691  	  0.337421    	    0.086357    	 1.072187 	 0.578437 	   0.208257 	   0.068857
mean60_max40		1.047023 	 0.566170  	  0.292577    	    0.077319    	 1.088101 	 0.589166 	   0.288260 	   0.093244
mean50_max50		1.019515 	 0.575526  	  0.275135    	    0.069861    	 1.097265 	 0.569311 	   0.319875 	   0.069153
mean40_max60		1.070873 	 0.558144  	  0.258158    	    0.077598    	 1.096377 	 0.571884 	   0.280920 	   0.078961
mean30_max70		1.071195 	 0.559219  	  0.244862    	    0.086200    	 1.131959 	 0.596415 	   0.222965 	   0.074804
mean20_max80		1.116655 	 0.598646  	  0.383932    	    0.130006    	 1.051659 	 0.633083 	   0.326648 	   0.138218
mean10_max90		1.076885 	 0.567872  	  0.268998    	    0.109191    	 1.133284 	 0.586133 	   0.259334 	   0.082294

data10
mean100_max0		1.045974 	 0.558406  	  0.265734    	    0.056050    	 1.045974 	 0.558406 	   0.265734 	   0.056050
mean90_max10		1.161566 	 0.553013  	  0.270406    	    0.057897    	 1.031815 	 0.555441 	   0.307588 	   0.057329
mean80_max20		1.170486 	 0.568921  	  0.195048    	    0.064200    	 1.101176 	 0.588169 	   0.355641 	   0.077314
mean75_max25		1.168997 	 0.552658  	  0.237405    	    0.060636    	 1.142634 	 0.566199 	   0.296546 	   0.063921
mean70_max30		1.151951 	 0.566156  	  0.219419    	    0.065918    	 1.028757 	 0.572047 	   0.287949 	   0.064755
mean60_max40		1.089417 	 0.567246  	  0.234012    	    0.077124    	 1.097442 	 0.574937 	   0.277883 	   0.079192
mean50_max50		1.048940 	 0.600364  	  0.353949    	    0.105664    	 1.135095 	 0.614357 	   0.299821 	   0.101321
mean40_max60		1.024976 	 0.577888  	  0.339719    	    0.118885    	 1.138820 	 0.575895 	   0.435947 	   0.091530
mean30_max70		1.084104 	 0.559772  	  0.340838    	    0.106438    	 1.088110 	 0.604385 	   0.329901 	   0.100211
mean20_max80		1.040571 	 0.578908  	  0.281627    	    0.087437    	 1.072860 	 0.581454 	   0.319708 	   0.073930
mean10_max90		1.126325 	 0.580025  	  0.316037    	    0.103064    	 1.024071 	 0.561476 	   0.353309 	   0.073010

data11
mean100_max0		1.021608 	 0.557959  	  0.356005    	    0.064778    	 1.025932 	 0.556690 	   0.283141 	   0.055860
mean90_max10		1.173966 	 0.558947  	  0.260478    	    0.057617    	 1.049213 	 0.560784 	   0.285253 	   0.057111
mean80_max20		1.169256 	 0.569791  	  0.197975    	    0.064167    	 1.136604 	 0.560701 	   0.228940 	   0.066775
mean75_max25		1.077592 	 0.577259  	  0.285913    	    0.080832    	 1.134685 	 0.587387 	   0.267583 	   0.088953
mean70_max30		1.067897 	 0.553662  	  0.281575    	    0.066415    	 1.122607 	 0.572615 	   0.329731 	   0.068105
mean60_max40		1.077208 	 0.592069  	  0.480097    	    0.139403    	 1.078149 	 0.556240 	   0.296781 	   0.068763
mean50_max50		1.102770 	 0.598097  	  0.274816    	    0.096559    	 1.098492 	 0.582862 	   0.268443 	   0.087722
mean40_max60		1.055006 	 0.610086  	  0.496126    	    0.141860    	 1.112801 	 0.587360 	   0.341042 	   0.100886
mean30_max70		1.172646 	 0.569377  	  0.197111    	    0.068808    	 1.172646 	 0.569377 	   0.197111 	   0.068808
mean20_max80		1.183965 	 0.563709  	  0.208512    	    0.065376    	 1.174699 	 0.583410 	   0.231915 	   0.083812
mean10_max90		1.179522 	 0.618748  	  0.348295    	    0.118563    	 1.126328 	 0.566898 	   0.266939 	   0.064000

data12
mean100_max0		1.103016 	 0.554086  	  0.287593    	    0.059628    	 1.019352 	 0.568101 	   0.342623 	   0.059545
mean90_max10		1.055945 	 0.561534  	  0.262941    	    0.057884    	 1.102342 	 0.557163 	   0.250004 	   0.058618
mean80_max20		1.072540 	 0.564262  	  0.281894    	    0.064508    	 1.125641 	 0.571480 	   0.332861 	   0.076854
mean75_max25		1.120921 	 0.595021  	  0.287184    	    0.099161    	 1.071819 	 0.570169 	   0.242384 	   0.066945
mean70_max30		1.156657 	 0.557194  	  0.309923    	    0.061458    	 1.070617 	 0.623057 	   0.393705 	   0.147589
mean60_max40		1.034819 	 0.574591  	  0.304239    	    0.081211    	 1.035492 	 0.582291 	   0.474285 	   0.088584
mean50_max50		1.055017 	 0.586973  	  0.311959    	    0.103796    	 1.052854 	 0.572323 	   0.251761 	   0.072423
mean40_max60		1.083893 	 0.573922  	  0.329389    	    0.072034    	 1.148085 	 0.614361 	   0.325715 	   0.105130
mean30_max70		1.077174 	 0.632946  	  0.633528    	    0.233019    	 1.066282 	 0.612864 	   0.529709 	   0.161737
mean20_max80		1.077346 	 0.570329  	  0.292958    	    0.072010    	 1.105226 	 0.618226 	   0.448698 	   0.170444
mean10_max90		1.063381 	 0.611883  	  0.586830    	    0.144693    	 4.068933 	 1.968947 	   4.005548 	   1.799182

data13
mean100_max0		1.025051 	 0.558660  	  0.280079    	    0.057803    	 1.059691 	 0.553675 	   0.277342 	   0.056426
mean90_max10		1.077538 	 0.553433  	  0.270381    	    0.058323    	 1.045334 	 0.566574 	   0.237525 	   0.064675
mean80_max20		15.822932 	 6.082151  	  15.200019    	    5.379721    	 1.082014 	 0.582448 	   0.390730 	   0.067457
mean75_max25		1.116725 	 0.594390  	  0.292291    	    0.087810    	 1.049176 	 0.564994 	   0.311951 	   0.078322
mean70_max30		1.107991 	 0.578971  	  0.344130    	    0.073286    	 1.025692 	 0.579424 	   0.362960 	   0.084262
mean60_max40		1.122131 	 0.587817  	  0.281423    	    0.094612    	 1.120521 	 0.569519 	   0.243664 	   0.083575
mean50_max50		1.105024 	 0.556711  	  0.230592    	    0.078251    	 1.118678 	 0.576538 	   0.378993 	   0.110491
mean40_max60		1.073039 	 0.574358  	  0.270877    	    0.077711    	 1.095727 	 0.600309 	   0.518262 	   0.129658
mean30_max70		1.037931 	 0.565968  	  0.252989    	    0.066526    	 1.116341 	 0.579881 	   0.390940 	   0.120843
mean20_max80		1.113499 	 0.569454  	  0.318448    	    0.085722    	 1.103476 	 0.582449 	   0.298782 	   0.095809
mean10_max90		1.128393 	 0.645306  	  0.426097    	    0.166653    	 5.068524 	 2.934387 	   5.018796 	   2.815402

data14
mean100_max0		1.099244 	 0.577343  	  0.308826    	    0.071039    	 1.102614 	 0.579006 	   0.310241 	   0.071424
mean90_max10		1.177637 	 0.591972  	  0.483277    	    0.104344    	 1.199510 	 0.608450 	   0.464999 	   0.123276
mean80_max20		1.201872 	 0.593451  	  0.369120    	    0.108243    	 1.201872 	 0.593451 	   0.369120 	   0.108243
mean75_max25		1.196744 	 0.619960  	  0.518446    	    0.166421    	 1.146889 	 0.592912 	   0.369797 	   0.119247
mean70_max30		1.179910 	 0.609528  	  0.443436    	    0.136027    	 1.179910 	 0.609528 	   0.443436 	   0.136027
mean60_max40		3.169052 	 1.141170  	  3.058759    	    0.850681    	 2.250672 	 1.152882 	   2.080299 	   0.925523
mean50_max50		3.672686 	 1.052894  	  3.580607    	    0.791711    	 1.322879 	 0.676343 	   0.856162 	   0.281645
mean40_max60		1.221955 	 0.608248  	  0.515139    	    0.147336    	 1.221955 	 0.608248 	   0.515139 	   0.147336
mean30_max70		4.310478 	 1.462948  	  4.256573    	    1.238301    	 4.310478 	 1.462948 	   4.256573 	   1.238301
mean20_max80		5.546553 	 1.682280  	  5.499993    	    1.518508    	 3.341172 	 1.380769 	   3.205983 	   1.168703
mean10_max90		1.190602 	 0.591351  	  0.533921    	    0.128907    	 1.190602 	 0.591351 	   0.533921 	   0.128907

data15
mean100_max0		1.087641 	 0.593351  	  0.333321    	    0.072962    	 1.132740 	 0.594984 	   0.313686 	   0.075311
mean90_max10		1.166748 	 0.596562  	  0.453726    	    0.104215    	 1.232398 	 0.604000 	   0.415642 	   0.102584
mean80_max20		1.167978 	 0.595429  	  0.479644    	    0.114672    	 1.161600 	 0.592260 	   0.360394 	   0.113163
mean75_max25		1.161548 	 0.591336  	  0.402014    	    0.118924    	 1.161548 	 0.591336 	   0.402014 	   0.118924
mean70_max30		1.167774 	 0.592991  	  0.411766    	    0.117760    	 1.167774 	 0.592991 	   0.411766 	   0.117760
mean60_max40		1.150286 	 0.607832  	  0.386678    	    0.136943    	 1.150286 	 0.607832 	   0.386678 	   0.136943
mean50_max50		1.167629 	 0.614253  	  0.507130    	    0.144456    	 1.266520 	 0.662197 	   0.746832 	   0.266026
mean40_max60		1.178984 	 0.626115  	  0.515938    	    0.201487    	 1.463076 	 0.718297 	   1.133750 	   0.355641
mean30_max70		1.263600 	 0.642770  	  0.678560    	    0.222442    	 1.263600 	 0.642770 	   0.678560 	   0.222442
mean20_max80		1.193139 	 0.602227  	  0.439383    	    0.157410    	 1.193139 	 0.602227 	   0.439383 	   0.157410
mean10_max90		1.171974 	 0.630105  	  0.479809    	    0.216383    	 1.171974 	 0.630105 	   0.479809 	   0.216383

data16
mean100_max0		1.076649 	 0.580282  	  0.311704    	    0.071175    	 1.076649 	 0.580282 	   0.311704 	   0.071175
mean90_max10		1.155750 	 0.604232  	  0.545197    	    0.102596    	 1.137155 	 0.593903 	   0.469582 	   0.101272
mean80_max20		1.304689 	 0.622025  	  0.973694    	    0.179978    	 1.148588 	 0.603627 	   0.560153 	   0.116324
mean75_max25		1.191346 	 0.597119  	  0.492376    	    0.124391    	 1.164180 	 0.595442 	   0.459979 	   0.104379
mean70_max30		1.792054 	 0.792078  	  1.575319    	    0.438448    	 4.242705 	 1.240410 	   4.114713 	   0.991601
mean60_max40		1.478539 	 0.726070  	  1.294894    	    0.388008    	 1.478539 	 0.726070 	   1.294894 	   0.388008
mean50_max50		3.593575 	 1.285508  	  3.486267    	    1.032363    	 2.460494 	 0.969230 	   2.274786 	   0.698990
mean40_max60		1.199812 	 0.608113  	  0.435883    	    0.149128    	 1.238396 	 0.594632 	   0.551017 	   0.133837
mean30_max70		1.380904 	 0.742486  	  1.154614    	    0.390631    	 1.380904 	 0.742486 	   1.154614 	   0.390631
mean20_max80		2.125568 	 0.835446  	  1.974368    	    0.488013    	 2.125568 	 0.835446 	   1.974368 	   0.488013
mean10_max90		1.368547 	 0.757522  	  0.912130    	    0.401810    	 1.368547 	 0.757522 	   0.912130 	   0.401810

data17
mean100_max0		1.086853 	 0.588407  	  0.316823    	    0.076165    	 1.095694 	 0.587979 	   0.309362 	   0.075851
mean90_max10		1.157810 	 0.593650  	  0.450815    	    0.096503    	 1.223728 	 0.606477 	   0.572912 	   0.118681
mean80_max20		1.146091 	 0.614555  	  0.577937    	    0.132774    	 1.181345 	 0.595165 	   0.489960 	   0.126925
mean75_max25		1.181323 	 0.595268  	  0.475336    	    0.101602    	 1.181323 	 0.595268 	   0.475336 	   0.101602
mean70_max30		1.205111 	 0.649985  	  0.839230    	    0.254484    	 1.205111 	 0.649985 	   0.839230 	   0.254484
mean60_max40		1.132990 	 0.583897  	  0.563433    	    0.130964    	 1.184144 	 0.609360 	   0.658710 	   0.165576
mean50_max50		2.495010 	 0.870162  	  2.403303    	    0.558658    	 2.495010 	 0.870162 	   2.403303 	   0.558658
mean40_max60		2.764528 	 0.992075  	  2.631832    	    0.707413    	 2.764528 	 0.992075 	   2.631832 	   0.707413
mean30_max70		1.688536 	 0.842869  	  1.604139    	    0.531813    	 1.688536 	 0.842869 	   1.604139 	   0.531813
mean20_max80		3.612207 	 1.373129  	  3.550234    	    1.177439    	 3.612207 	 1.373129 	   3.550234 	   1.177439
mean10_max90		3.654419 	 1.572247  	  3.588105    	    1.388966    	 2.811933 	 1.088929 	   2.628604 	   0.828303

data18
mean100_max0		1.123351 	 0.573386  	  0.414758    	    0.078275    	 1.123351 	 0.573386 	   0.414758 	   0.078275
mean90_max10		1.118797 	 0.578898  	  0.327089    	    0.087401    	 1.128547 	 0.578051 	   0.343628 	   0.085472
mean80_max20		1.176599 	 0.605173  	  0.628009    	    0.181238    	 1.153339 	 0.592136 	   0.428358 	   0.110778
mean75_max25		1.150730 	 0.594877  	  0.417053    	    0.114434    	 1.117990 	 0.612628 	   0.550221 	   0.173402
mean70_max30		1.113150 	 0.600650  	  0.375661    	    0.125369    	 1.389880 	 0.674865 	   1.095589 	   0.296099
mean60_max40		1.116439 	 0.621170  	  0.543095    	    0.188907    	 1.174963 	 0.607202 	   0.475815 	   0.166059
mean50_max50		1.139361 	 0.594914  	  0.350986    	    0.131077    	 1.254071 	 0.673251 	   0.885344 	   0.261877
mean40_max60		1.167473 	 0.600018  	  0.565031    	    0.165640    	 1.177501 	 0.661576 	   0.700287 	   0.253299
mean30_max70		1.194789 	 0.586648  	  0.317490    	    0.099042    	 1.194789 	 0.586648 	   0.317490 	   0.099042
mean20_max80		1.149931 	 0.585156  	  0.346802    	    0.114422    	 1.149931 	 0.585156 	   0.346802 	   0.114422
mean10_max90		1.174466 	 0.606685  	  0.623762    	    0.177839    	 1.174466 	 0.606685 	   0.623762 	   0.177839

data19
mean100_max0		1.121008 	 0.567827  	  0.491424    	    0.081208    	 1.121008 	 0.567827 	   0.491424 	   0.081208
mean90_max10		1.120537 	 0.585079  	  0.473061    	    0.106260    	 1.198341 	 0.582262 	   0.370204 	   0.126595
mean80_max20		1.306453 	 0.577122  	  0.380418    	    0.136051    	 1.111486 	 0.604779 	   0.457262 	   0.133349
mean75_max25		1.188293 	 0.612588  	  0.579051    	    0.173788    	 1.184214 	 0.589123 	   0.466746 	   0.146570
mean70_max30		1.448755 	 0.693999  	  1.145874    	    0.332015    	 1.109268 	 0.580397 	   0.418531 	   0.123129
mean60_max40		1.161431 	 0.585981  	  0.378803    	    0.118239    	 1.117997 	 0.585397 	   0.430929 	   0.141471
mean50_max50		1.234570 	 0.643160  	  0.618286    	    0.240254    	 1.186168 	 0.611300 	   0.764239 	   0.172958
mean40_max60		1.176710 	 0.587823  	  0.357053    	    0.120031    	 1.138955 	 0.644875 	   0.704554 	   0.259743
mean30_max70		1.154010 	 0.587142  	  0.448082    	    0.134572    	 1.154010 	 0.587142 	   0.448082 	   0.134572
mean20_max80		1.149318 	 0.602206  	  0.603170    	    0.181782    	 1.186874 	 0.612767 	   0.503949 	   0.163574
mean10_max90		1.171448 	 0.600824  	  0.579134    	    0.178322    	 1.199384 	 0.594164 	   0.349716 	   0.137151

data20
mean100_max0		1.121573 	 0.575750  	  0.398711    	    0.078933    	 1.121573 	 0.575750 	   0.398711 	   0.078933
mean90_max10		1.127404 	 0.583077  	  0.349846    	    0.085858    	 1.183911 	 0.589011 	   0.389054 	   0.119222
mean80_max20		1.172626 	 0.592892  	  0.472264    	    0.124796    	 1.113606 	 0.606004 	   0.526974 	   0.158314
mean75_max25		1.151457 	 0.582546  	  0.298547    	    0.096751    	 1.127980 	 0.572394 	   0.373282 	   0.114599
mean70_max30		1.312326 	 0.583939  	  0.473529    	    0.146835    	 1.127576 	 0.601802 	   0.485270 	   0.127269
mean60_max40		4.573103 	 1.450762  	  4.530870    	    1.251115    	 1.562533 	 0.753516 	   1.254035 	   0.428139
mean50_max50		37.635408 	 15.964287    37.552451    	   12.558261    	 36.756840 	 15.605534 	   36.765567 	   12.413889
mean40_max60		32.965385 	 12.973622    32.945077    	   10.668903    	 11.106327 	 3.663621 	   10.987191 	   3.335317
mean30_max70		1.290010 	 0.675686  	  1.025377    	    0.299520    	 1.290010 	 0.675686 	   1.025377 	   0.299520
mean20_max80		1.299010 	 0.694412  	  0.808669    	    0.336140    	 4.756376 	 1.707901 	   4.661882 	   1.545379
mean10_max90		32.134592 	 12.280934     32.105248    	12.001539    	 38.203437 	 13.348785 	   38.191108 	   13.255013

data21
mean100_max0		1.089183 	 0.570814  	  0.424888    	    0.078282    	 1.089183 	 0.570814 	   0.424888 	   0.078282
mean90_max10		1.094423 	 0.572157  	  0.421805    	    0.112321    	 1.141566 	 0.590013 	   0.391004 	   0.102357
mean80_max20		1.160506 	 0.597785  	  0.609776    	    0.161860    	 1.304811 	 0.574436 	   0.413038 	   0.115311
mean75_max25		1.101282 	 0.585960  	  0.421825    	    0.111354    	 1.140027 	 0.581905 	   0.418218 	   0.102102
mean70_max30		1.190244 	 0.614668  	  0.699323    	    0.208619    	 1.204526 	 0.584681 	   0.391334 	   0.119223
mean60_max40		1.165522 	 0.578802  	  0.373304    	    0.123014    	 1.166800 	 0.610885 	   0.689662 	   0.187394
mean50_max50		1.117156 	 0.580060  	  0.329216    	    0.089725    	 1.231399 	 0.629792 	   0.650878 	   0.195085
mean40_max60		1.272544 	 0.572622  	  0.351602    	    0.120072    	 1.272544 	 0.572622 	   0.351602 	   0.120072
mean30_max70		1.188177 	 0.648134  	  0.689553    	    0.247888    	 1.147365 	 0.595446 	   0.498841 	   0.158723
mean20_max80		1.164420 	 0.619016  	  0.698768    	    0.193970    	 1.386108 	 0.577877 	   0.392946 	   0.140089
mean10_max90		2.662455 	 1.150541  	  2.544337    	    0.897139    	 1.972139 	 0.861711 	   1.793354 	   0.551948

data22
mean100_max0		1.103013 	 0.569857  	  0.455421    	    0.078988    	 1.103013 	 0.569857 	   0.455421 	   0.078988
mean90_max10		1.098733 	 0.582399  	  0.319895    	    0.086728    	 1.098733 	 0.582399 	   0.319895 	   0.086728
mean80_max20		1.093263 	 0.588813  	  0.397570    	    0.110695    	 1.118999 	 0.586480 	   0.355519 	   0.112560
mean75_max25		1.139804 	 0.593201  	  0.423136    	    0.116010    	 1.175400 	 0.577905 	   0.331564 	   0.110603
mean70_max30		1.200021 	 0.626245  	  0.671212    	    0.205742    	 1.119096 	 0.612509 	   0.607436 	   0.181632
mean60_max40		1.350220 	 0.607055  	  0.395417    	    0.131993    	 1.360807 	 0.703899 	   1.087517 	   0.327803
mean50_max50		1.194775 	 0.645365  	  0.864618    	    0.242510    	 3.541994 	 1.184702 	   3.402125 	   0.944369
mean40_max60		1.134243 	 0.590967  	  0.425262    	    0.128328    	 1.137457 	 0.596477 	   0.362319 	   0.129203
mean30_max70		1.120131 	 0.607586  	  0.604065    	    0.158894    	 1.293519 	 0.573226 	   0.375977 	   0.124676
mean20_max80		1.246485 	 0.604627  	  0.493677    	    0.151203    	 1.194020 	 0.583049 	   0.370553 	   0.117859
mean10_max90		1.424602 	 0.725712  	  1.044461    	    0.389502    	 1.120531 	 0.581232 	   0.336681 	   0.117960

data23
mean100_max0		1.143751 	 0.583134  	  0.357722    	    0.073650    	 1.094825 	 0.569010 	   0.231867 	   0.063817
mean90_max10		1.084631 	 0.575133  	  0.373087    	    0.092915    	 1.103800 	 0.572441 	   0.306734 	   0.071435
mean80_max20		1.121919 	 0.594318  	  0.472306    	    0.152053    	 1.127110 	 0.578433 	   0.351179 	   0.079683
mean75_max25		1.132799 	 0.579945  	  0.368757    	    0.104979    	 1.204193 	 0.624565 	   0.867880 	   0.262543
mean70_max30		1.103197 	 0.590838  	  0.431204    	    0.144227    	 1.105269 	 0.573133 	   0.494546 	   0.133381
mean60_max40		4.717759 	 0.775694  	  1.639327    	    0.408010    	 1.219719 	 0.626453 	   0.915001 	   0.236265
mean50_max50		1.192776 	 0.552172  	  0.274322    	    0.063259    	 4.119259 	 0.752729 	   2.395065 	   0.404834
mean40_max60		1.186902 	 0.591636  	  0.481297    	    0.162965    	 1.075747 	 0.580702 	   0.414382 	   0.143688
mean30_max70		1.129263 	 0.585868  	  0.340716    	    0.095395    	 1.068740 	 0.579165 	   0.263923 	   0.083611
mean20_max80		1.098747 	 0.618682  	  0.561359    	    0.177778    	 1.773661 	 0.759198 	   1.514067 	   0.468305
mean10_max90		7.186241 	 1.194403  	  2.181444    	    0.877973    	 1.918987 	 0.883690 	   1.780903 	   0.597376

data24
mean100_max0		1.113041 	 0.577914  	  0.307195    	    0.068430    	 1.048842 	 0.564345 	   0.284694 	   0.056457
mean90_max10		1.100466 	 0.551587  	  0.308725    	    0.072263    	 1.104904 	 0.566197 	   0.339099 	   0.084798
mean80_max20		1.159277 	 0.595191  	  0.520631    	    0.146958    	 1.155276 	 0.599293 	   0.493806 	   0.127973
mean75_max25		1.130007 	 0.589663  	  0.516509    	    0.139386    	 1.095946 	 0.589624 	   0.470022 	   0.144223
mean70_max30		1.584241 	 0.723022  	  1.437475    	    0.371117    	 2.515239 	 0.913532 	   1.618975 	   0.615012
mean60_max40		1.062521 	 0.610200  	  0.618818    	    0.178978    	 1.158907 	 0.599586 	   0.639235 	   0.148553
mean50_max50		1.135071 	 0.597401  	  0.432195    	    0.141046    	 1.104133 	 0.594806 	   0.530829 	   0.171366
mean40_max60		1.108242 	 0.588447  	  0.408826    	    0.128960    	 1.110017 	 0.577129 	   0.380247 	   0.124386
mean30_max70		1.138163 	 0.622973  	  0.601740    	    0.223112    	 1.094188 	 0.581063 	   0.337358 	   0.091785
mean20_max80		5.283393 	 0.905003  	  1.460212    	    0.596856    	 4.922498 	 1.058955 	   1.983548 	   0.785732
mean10_max90		1.109750 	 0.590998  	  0.301564    	    0.085285    	 1.069024 	 0.603581 	   0.430992 	   0.114428

data25
mean100_max0		1.099031 	 0.585184  	  0.294087    	    0.058301    	 1.136640 	 0.580890 	   0.319524 	   0.060618
mean90_max10		1.063180 	 0.562275  	  0.324335    	    0.059715    	 1.044747 	 0.575033 	   0.283455 	   0.062291
mean80_max20		1.096826 	 0.594587  	  0.393132    	    0.083293    	 1.060092 	 0.583752 	   0.375677 	   0.079781
mean75_max25		1.163072 	 0.599197  	  0.507406    	    0.137180    	 1.126982 	 0.583937 	   0.286176 	   0.074262
mean70_max30		1.097833 	 0.586994  	  0.329656    	    0.090051    	 1.095981 	 0.575532 	   0.279039 	   0.061292
mean60_max40		1.097749 	 0.575349  	  0.501653    	    0.127480    	 1.153554 	 0.597673 	   0.434236 	   0.127663
mean50_max50		1.029235 	 0.580970  	  0.490752    	    0.147247    	 1.149745 	 0.571235 	   0.306033 	   0.071026
mean40_max60		1.149001 	 0.591086  	  0.487659    	    0.144283    	 1.118373 	 0.601159 	   0.481478 	   0.178314
mean30_max70		1.101641 	 0.583536  	  0.400609    	    0.132411    	 1.093741 	 0.552274 	   0.351379 	   0.078661
mean20_max80		1.078156 	 0.612450  	  0.601240    	    0.190248    	 1.174952 	 0.585702 	   0.451363 	   0.144047
mean10_max90		1.185000 	 0.624532  	  0.659537    	    0.209595    	 1.130144 	 0.622536 	   0.580285 	   0.243629

data26
mean100_max0		1.068743 	 0.573298  	  0.293203    	    0.057745    	 1.084570 	 0.595692 	   0.302459 	   0.058482
mean90_max10		1.110397 	 0.562858  	  0.286665    	    0.063180    	 1.070948 	 0.565090 	   0.287627 	   0.064238
mean80_max20		1.070739 	 0.551964  	  0.308348    	    0.084881    	 1.152443 	 0.580334 	   0.293900 	   0.062574
mean75_max25		1.153712 	 0.607925  	  0.710750    	    0.215572    	 1.050920 	 0.621193 	   0.534584 	   0.194025
mean70_max30		1.100288 	 0.589387  	  0.576323    	    0.139202    	 1.123061 	 0.584853 	   0.452755 	   0.143149
mean60_max40		1.135496 	 0.608086  	  0.485180    	    0.152539    	 1.112845 	 0.585908 	   0.512430 	   0.139885
mean50_max50		1.096674 	 0.580483  	  0.324579    	    0.089432    	 1.070582 	 0.580335 	   0.449565 	   0.119478
mean40_max60		1.092733 	 0.580014  	  0.339904    	    0.098122    	 1.167645 	 0.621904 	   0.639601 	   0.191807
mean30_max70		1.275175 	 0.657284  	  0.773177    	    0.266184    	 1.322487 	 0.643977 	   0.933838 	   0.261104
mean20_max80		1.118393 	 0.584367  	  0.289189    	    0.096635    	 1.118393 	 0.584367 	   0.289189 	   0.096635
mean10_max90		1.087512 	 0.599455  	  0.449819    	    0.160855    	 1.162942 	 0.569058 	   0.372981 	   0.129781

data27
mean100_max0		1.121326 	 0.555395  	  0.260505    	    0.064013    	 1.058742 	 0.549174 	   0.268567 	   0.064499
mean90_max10		1.067005 	 0.564868  	  0.271042    	    0.058862    	 1.112027 	 0.577385 	   0.389651 	   0.095746
mean80_max20		1.063788 	 0.598518  	  0.373899    	    0.099118    	 1.051793 	 0.550189 	   0.344025 	   0.089660
mean75_max25		1.165175 	 0.624091  	  0.872239    	    0.188133    	 1.108938 	 0.560091 	   0.342091 	   0.069982
mean70_max30		1.075864 	 0.578386  	  0.365494    	    0.091370    	 1.124929 	 0.586516 	   0.408136 	   0.097104
mean60_max40		3.720038 	 0.909724  	  2.028362    	    0.587629    	 1.787969 	 0.832313 	   1.672810 	   0.573004
mean50_max50		1.159548 	 0.620918  	  0.721161    	    0.228744    	 1.094265 	 0.585669 	   0.338149 	   0.111215
mean40_max60		1.124341 	 0.619148  	  0.652314    	    0.203067    	 1.066803 	 0.601073 	   0.328986 	   0.086120
mean30_max70		1.084946 	 0.614135  	  0.546435    	    0.190018    	 1.545963 	 0.790174 	   1.440344 	   0.493624
mean20_max80		2.978468 	 0.946810  	  1.557518    	    0.697151    	 2.615765 	 0.836174 	   1.740116 	   0.540189
mean10_max90		1.227704 	 0.637193  	  0.855129    	    0.249583    	 4.199859 	 0.887889 	   1.382235 	   0.580632

data28
mean100_max0		1.144686 	 0.593203  	  0.377885    	    0.073948    	 1.062495 	 0.571003 	   0.308399 	   0.070583
mean90_max10		1.041524 	 0.568954  	  0.271117    	    0.075916    	 1.050319 	 0.576977 	   0.371035 	   0.094724
mean80_max20		1.013649 	 0.581828  	  0.340605    	    0.091792    	 1.107410 	 0.606736 	   0.288961 	   0.081698
mean75_max25		1.131775 	 0.598788  	  0.315128    	    0.088563    	 1.052011 	 0.588568 	   0.298444 	   0.087935
mean70_max30		1.086817 	 0.599182  	  0.425449    	    0.132228    	 1.089145 	 0.579933 	   0.268009 	   0.075703
mean60_max40		1.075219 	 0.569659  	  0.325821    	    0.087796    	 1.009071 	 0.598016 	   0.383539 	   0.113965
mean50_max50		1.083128 	 0.597039  	  0.374822    	    0.086627    	 1.070653 	 0.589095 	   0.450792 	   0.131067
mean40_max60		1.082078 	 0.631418  	  0.507938    	    0.186549    	 1.146345 	 0.569200 	   0.369323 	   0.141848
mean30_max70		1.122022 	 0.598782  	  0.372731    	    0.131301    	 1.127755 	 0.630509 	   0.335593 	   0.107074
mean20_max80		1.068674 	 0.584273  	  0.356815    	    0.116783    	 1.155295 	 0.614546 	   0.404930 	   0.147495
mean10_max90		1.093883 	 0.599328  	  0.433205    	    0.147715    	 1.095017 	 0.573105 	   0.264044 	   0.075763

data29
mean100_max0		1.082230 	 0.584453  	  0.276073    	    0.067918    	 1.058390 	 0.579122 	   0.332705 	   0.071521
mean90_max10		1.156251 	 0.586499  	  0.268710    	    0.074259    	 1.139881 	 0.574404 	   0.273585 	   0.070443
mean80_max20		1.063415 	 0.561615  	  0.265311    	    0.076507    	 1.104092 	 0.565300 	   0.291170 	   0.094647
mean75_max25		1.200329 	 0.635182  	  0.443461    	    0.197438    	 1.094713 	 0.548522 	   0.283899 	   0.094557
mean70_max30		1.047563 	 0.624387  	  0.556289    	    0.221567    	 1.064401 	 0.566782 	   0.340797 	   0.099043
mean60_max40		1.117509 	 0.607465  	  0.403554    	    0.158749    	 1.117509 	 0.607465 	   0.403554 	   0.158749
mean50_max50		1.047823 	 0.590653  	  0.268598    	    0.069811    	 1.033742 	 0.584547 	   0.424409 	   0.159964
mean40_max60		1.152240 	 0.671428  	  0.723165    	    0.338043    	 1.118763 	 0.653875 	   0.629160 	   0.266243
mean30_max70		1.024891 	 0.580727  	  0.290616    	    0.104832    	 1.024891 	 0.580727 	   0.290616 	   0.104832
mean20_max80		1.091423 	 0.622241  	  0.665884    	    0.254306    	 1.210525 	 0.626325 	   0.599243 	   0.250958
mean10_max90		1.087838 	 0.594110  	  0.427697    	    0.156916    	 1.068058 	 0.630764 	   0.466421 	   0.204954

data30
mean100_max0		1.092337 	 0.597075  	  0.413246    	    0.071228    	 1.147220 	 0.600261 	   0.342496 	   0.067736
mean90_max10		1.070974 	 0.547462  	  0.255213    	    0.073805    	 1.102793 	 0.557479 	   0.297128 	   0.082945
mean80_max20		1.051257 	 0.586110  	  0.467063    	    0.131141    	 1.129204 	 0.588690 	   0.295069 	   0.076877
mean75_max25		1.101963 	 0.579964  	  0.322637    	    0.106320    	 1.045553 	 0.600238 	   0.380404 	   0.114848
mean70_max30		1.151303 	 0.665605  	  0.890636    	    0.298634    	 1.151303 	 0.665605 	   0.890636 	   0.298634
mean60_max40		1.141132 	 0.635197  	  0.608968    	    0.210690    	 1.141132 	 0.635197 	   0.608968 	   0.210690
mean50_max50		1.136999 	 0.584407  	  0.386810    	    0.132695    	 1.035472 	 0.558170 	   0.230289 	   0.074101
mean40_max60		1.125010 	 0.619322  	  0.615121    	    0.195721    	 1.101735 	 0.656900 	   0.579216 	   0.268374
mean30_max70		1.172149 	 0.615352  	  0.552382    	    0.211440    	 1.096415 	 0.623396 	   0.587869 	   0.245415
mean20_max80		1.188122 	 0.677925  	  0.698881    	    0.321244    	 1.147851 	 0.687681 	   0.875975 	   0.348515
mean10_max90		1.251753 	 0.683716  	  0.765702    	    0.337125    	 1.179034 	 0.661748 	   0.766349 	   0.295536

data31
mean100_max0		1.094563 	 0.574610  	  0.298266    	    0.067934    	 1.040203 	 0.589308 	   0.257056 	   0.064758
mean90_max10		1.117088 	 0.585732  	  0.372303    	    0.076180    	 1.068659 	 0.574105 	   0.287538 	   0.078195
mean80_max20		1.069257 	 0.609969  	  0.448552    	    0.167124    	 1.046457 	 0.584533 	   0.379433 	   0.112571
mean75_max25		1.167372 	 0.578669  	  0.323392    	    0.111206    	 1.105104 	 0.581532 	   0.425049 	   0.101209
mean70_max30		1.088173 	 0.614649  	  0.552022    	    0.177753    	 1.070457 	 0.559436 	   0.284690 	   0.095424
mean60_max40		1.064629 	 0.585556  	  0.545799    	    0.187342    	 1.251223 	 0.672195 	   0.668111 	   0.289580
mean50_max50		1.149311 	 0.584621  	  0.283851    	    0.075951    	 1.042247 	 0.573771 	   0.321816 	   0.096631
mean40_max60		1.132338 	 0.595699  	  0.478404    	    0.155710    	 1.103505 	 0.622226 	   0.445998 	   0.158359
mean30_max70		1.114876 	 0.572569  	  0.310035    	    0.087502    	 1.129165 	 0.593657 	   0.392571 	   0.151803
mean20_max80		1.102674 	 0.601135  	  0.326376    	    0.107539    	 1.137925 	 0.605715 	   0.534043 	   0.221407
mean10_max90		1.221012 	 0.631273  	  0.571580    	    0.255882    	 1.165971 	 0.597556 	   0.413932 	   0.160366

data32
mean100_max0		1.126398 	 0.574590  	  0.249543    	    0.065247    	 0.998671 	 0.579713 	   0.433610 	   0.075132
mean90_max10		1.037034 	 0.587719  	  0.255759    	    0.084559    	 1.144139 	 0.551733 	   0.271301 	   0.078132
mean80_max20		1.095657 	 0.596608  	  0.431718    	    0.156016    	 1.059526 	 0.602478 	   0.343668 	   0.083091
mean75_max25		1.106257 	 0.568265  	  0.316165    	    0.088980    	 1.088795 	 0.571361 	   0.363688 	   0.107161
mean70_max30		1.094898 	 0.592533  	  0.477595    	    0.148763    	 1.471156 	 0.781271 	   1.168386 	   0.482598
mean60_max40		1.071036 	 0.600740  	  0.469008    	    0.149232    	 1.090549 	 0.600769 	   0.462483 	   0.128676
mean50_max50		1.799690 	 0.883854  	  1.619213    	    0.636986    	 1.078169 	 0.591706 	   0.473679 	   0.165532
mean40_max60		1.201641 	 0.649380  	  0.736214    	    0.288012    	 1.086793 	 0.641593 	   0.622666 	   0.228905
mean30_max70		1.120725 	 0.624282  	  0.293721    	    0.095861    	 1.128982 	 0.596725 	   0.351346 	   0.111778
mean20_max80		1.101008 	 0.587706  	  0.502177    	    0.130492    	 1.170720 	 0.593768 	   0.412385 	   0.120464
mean10_max90		37.354207 	 9.510272  	  19.819700    	    6.480346    	 39.016682 	 9.876739 	   28.036335 	   6.910890

data33
mean100_max0		1.078395 	 0.570589  	  0.336786    	    0.075474    	 1.117154 	 0.573012 	   0.322377 	   0.069886
mean90_max10		1.104699 	 0.564158  	  0.352746    	    0.085700    	 1.091989 	 0.555291 	   0.310939 	   0.079391
mean80_max20		1.144031 	 0.580530  	  0.454684    	    0.109271    	 1.150626 	 0.580689 	   0.466235 	   0.122901
mean75_max25		1.111570 	 0.561130  	  0.285829    	    0.076657    	 1.122112 	 0.578520 	   0.469624 	   0.127760
mean70_max30		1.118657 	 0.603150  	  0.537406    	    0.148187    	 1.093612 	 0.577673 	   0.546685 	   0.141917
mean60_max40		1.113817 	 0.584549  	  0.428141    	    0.107058    	 1.092921 	 0.565353 	   0.307317 	   0.089629
mean50_max50		1.197158 	 0.616559  	  0.677313    	    0.191430    	 1.197158 	 0.616559 	   0.677313 	   0.191430
mean40_max60		1.122530 	 0.615079  	  0.605645    	    0.217584    	 1.108895 	 0.573590 	   0.421069 	   0.116128
mean30_max70		1.155159 	 0.633537  	  0.715570    	    0.273922    	 10.205181 	 1.474662 	   3.494099 	   1.049792
mean20_max80		1.532102 	 0.734501  	  1.413250    	    0.372407    	 1.431339 	 0.771805 	   1.305963 	   0.463049
mean10_max90		2.450154 	 0.941253  	  1.935951    	    0.637279    	 6.162418 	 0.824432 	   1.103570 	   0.432476

data34
mean100_max0		1.077970 	 0.565118  	  0.335237    	    0.074161    	 1.062279 	 0.563537 	   0.343721 	   0.075047
mean90_max10		1.103171 	 0.578497  	  0.446101    	    0.114113    	 1.098222 	 0.591024 	   0.439525 	   0.115446
mean80_max20		1.070621 	 0.574134  	  0.375222    	    0.110843    	 2.685580 	 0.907186 	   2.580401 	   0.647049
mean75_max25		1.104643 	 0.576534  	  0.321502    	    0.073907    	 1.090081 	 0.582336 	   0.351020 	   0.118794
mean70_max30		1.141316 	 0.570279  	  0.426015    	    0.097752    	 1.380617 	 0.661235 	   1.113657 	   0.285380
mean60_max40		1.119158 	 0.579072  	  0.454837    	    0.141630    	 1.119158 	 0.579072 	   0.454837 	   0.141630
mean50_max50		1.039065 	 0.571414  	  0.381260    	    0.094015    	 1.077213 	 0.585530 	   0.596675 	   0.157355
mean40_max60		1.291749 	 0.634332  	  0.856023    	    0.253500    	 1.106189 	 0.616163 	   0.552791 	   0.199727
mean30_max70		3.459085 	 0.878894  	  1.957414    	    0.450557    	 3.459085 	 0.878894 	   1.957414 	   0.450557
mean20_max80		1.225412 	 0.598264  	  0.578997    	    0.156658    	 1.129339 	 0.612452 	   0.574375 	   0.196031
mean10_max90		1.162166 	 0.643271  	  0.668905    	    0.276902    	 1.098248 	 0.593712 	   0.409835 	   0.159949

data35
mean100_max0		1.097614 	 0.578212  	  0.301324    	    0.071718    	 1.067558 	 0.564788 	   0.353795 	   0.069783
mean90_max10		1.139537 	 0.586591  	  0.360080    	    0.092950    	 1.092826 	 0.584142 	   0.307933 	   0.077835
mean80_max20		1.781477 	 0.773881  	  1.452457    	    0.459457    	 1.351127 	 0.698283 	   1.090313 	   0.318781
mean75_max25		1.094552 	 0.578990  	  0.290413    	    0.078223    	 1.151044 	 0.583829 	   0.407318 	   0.109793
mean70_max30		1.319998 	 0.682450  	  1.087000    	    0.299484    	 1.222798 	 0.646223 	   0.878127 	   0.249678
mean60_max40		1.260552 	 0.690620  	  0.852580    	    0.315654    	 1.214636 	 0.643495 	   0.894333 	   0.251008
mean50_max50		1.157326 	 0.659090  	  0.733108    	    0.291995    	 1.251680 	 0.614031 	   0.626739 	   0.211343
mean40_max60		1.132710 	 0.600417  	  0.483254    	    0.168590    	 1.367263 	 0.643652 	   0.926250 	   0.262441
mean30_max70		1.144921 	 0.579669  	  0.489071    	    0.122033    	 1.580110 	 0.818981 	   1.383117 	   0.519272
mean20_max80		1.429200 	 0.713556  	  1.052244    	    0.365908    	 1.366522 	 0.754733 	   0.982694 	   0.414037
mean10_max90		1.114874 	 0.571438  	  0.303712    	    0.082994    	 1.150765 	 0.627791 	   0.911351 	   0.205667

data36
mean100_max0		1.091949 	 0.568333  	  0.305909    	    0.072355    	 1.091949 	 0.568333 	   0.305909 	   0.072355
mean90_max10		1.113608 	 0.572119  	  0.319823    	    0.098090    	 1.039408 	 0.567062 	   0.345717 	   0.085270
mean80_max20		1.107662 	 0.600692  	  0.684287    	    0.164780    	 1.050966 	 0.566823 	   0.310666 	   0.094267
mean75_max25		1.076926 	 0.575291  	  0.406188    	    0.101103    	 1.090501 	 0.596232 	   0.469405 	   0.159795
mean70_max30		1.102197 	 0.571668  	  0.315738    	    0.084883    	 1.104592 	 0.608490 	   0.669692 	   0.190722
mean60_max40		1.327699 	 0.655797  	  1.055093    	    0.269373    	 1.092679 	 0.583640 	   0.422160 	   0.111202
mean50_max50		2.287799 	 0.765797  	  1.619412    	    0.415587    	 1.601878 	 0.807572 	   1.343630 	   0.526955
mean40_max60		1.097525 	 0.596964  	  0.516258    	    0.163650    	 1.170446 	 0.655984 	   0.750617 	   0.276338
mean30_max70		1.123282 	 0.566772  	  0.526200    	    0.098179    	 1.182499 	 0.662142 	   0.778183 	   0.292413
mean20_max80		1.268541 	 0.716808  	  0.960661    	    0.372876    	 1.046047 	 0.563136 	   0.300919 	   0.091573
mean10_max90		1.077875 	 0.595877  	  0.670490    	    0.154914    	 4.437653 	 1.250371 	   2.598312 	   0.961247

data37
mean100_max0		1.060869 	 0.565686  	  0.312939    	    0.068974    	 1.082758 	 0.564334 	   0.349075 	   0.076180
mean90_max10		1.115462 	 0.566204  	  0.334400    	    0.083396    	 1.112505 	 0.575034 	   0.354169 	   0.087672
mean80_max20		1.184322 	 0.575396  	  0.448456    	    0.105662    	 1.098602 	 0.557597 	   0.308567 	   0.084486
mean75_max25		1.107565 	 0.585327  	  0.343729    	    0.111365    	 1.086986 	 0.577269 	   0.376334 	   0.093627
mean70_max30		1.130909 	 0.606067  	  0.624891    	    0.158318    	 1.334297 	 0.693083 	   1.004564 	   0.343321
mean60_max40		1.112967 	 0.635991  	  0.724158    	    0.232620    	 1.258391 	 0.640581 	   0.894286 	   0.240526
mean50_max50		1.492626 	 0.800791  	  1.392500    	    0.468211    	 1.198086 	 0.691747 	   0.928499 	   0.336702
mean40_max60		1.328786 	 0.722504  	  1.012870    	    0.364190    	 1.211430 	 0.636507 	   0.778182 	   0.220034
mean30_max70		1.600840 	 0.743096  	  1.222918    	    0.394320    	 1.610867 	 1.002755 	   1.346552 	   0.795939
mean20_max80		1.331313 	 0.713127  	  1.032841    	    0.352870    	 1.337668 	 0.722797 	   1.026878 	   0.373416
mean10_max90		1.188313 	 0.657266  	  0.871344    	    0.308688    	 1.224661 	 0.650819 	   0.766087 	   0.260815

data38
mean100_max0		2.624024 	 0.800414  	  2.499433    	    0.275086    	 2.567507 	 0.799796 	   2.432899 	   0.275035
mean90_max10		1.813383 	 0.804063  	  1.713539    	    0.310104    	 1.813383 	 0.804063 	   1.713539 	   0.310104
mean80_max20		1.855285 	 0.802703  	  1.596696    	    0.329559    	 1.882746 	 0.808191 	   1.620807 	   0.341134
mean75_max25		1.755326 	 0.848934  	  1.527544    	    0.377428    	 1.755326 	 0.848934 	   1.527544 	   0.377428
mean70_max30		1.952567 	 0.854689  	  1.597177    	    0.421719    	 1.952567 	 0.854689 	   1.597177 	   0.421719
mean60_max40		1.849150 	 0.869153  	  1.402005    	    0.417378    	 1.849150 	 0.869153 	   1.402005 	   0.417378
mean50_max50		1.844907 	 0.956819  	  1.549847    	    0.579429    	 1.844907 	 0.956819 	   1.549847 	   0.579429
mean40_max60		1.917877 	 0.865972  	  1.529614    	    0.435599    	 1.917877 	 0.865972 	   1.529614 	   0.435599
mean30_max70		1.831011 	 0.978794  	  1.468840    	    0.603645    	 1.795952 	 0.893911 	   1.363859 	   0.447686
mean20_max80		2.968021 	 1.268591  	  2.715010    	    0.981689    	 2.968021 	 1.268591 	   2.715010 	   0.981689
mean10_max90		1.910021 	 0.916254  	  1.358134    	    0.518595    	 1.910021 	 0.916254 	   1.358134 	   0.518595

data39
mean100_max0		2.452956 	 0.802827  	  2.315998    	    0.276474    	 2.452956 	 0.802827 	   2.315998 	   0.276474
mean90_max10		1.812794 	 0.797113  	  1.659656    	    0.314714    	 1.821987 	 0.798523 	   1.659752 	   0.314992
mean80_max20		1.894664 	 0.792398  	  1.601537    	    0.323815    	 1.894664 	 0.792398 	   1.601537 	   0.323815
mean75_max25		1.866573 	 0.813485  	  1.651803    	    0.343860    	 2.022523 	 0.819985 	   1.718493 	   0.356217
mean70_max30		1.870927 	 0.854457  	  1.460912    	    0.411840    	 1.870927 	 0.854457 	   1.460912 	   0.411840
mean60_max40		1.704080 	 0.838203  	  1.536341    	    0.388017    	 1.807098 	 0.884977 	   1.405260 	   0.440593
mean50_max50		1.828504 	 0.889554  	  1.395513    	    0.444896    	 1.828504 	 0.889554 	   1.395513 	   0.444896
mean40_max60		1.907197 	 0.879342  	  1.546424    	    0.427531    	 1.907197 	 0.879342 	   1.546424 	   0.427531
mean30_max70		1.897631 	 0.885534  	  1.375218    	    0.456683    	 1.897631 	 0.885534 	   1.375218 	   0.456683
mean20_max80		1.978279 	 0.954626  	  1.777414    	    0.574396    	 1.978279 	 0.954626 	   1.777414 	   0.574396
mean10_max90		1.921988 	 0.961241  	  1.454103    	    0.569758    	 1.921988 	 0.961241 	   1.454103 	   0.569758

data40
mean100_max0		2.632349 	 0.800113  	  2.511662    	    0.275306    	 2.559518 	 0.802587 	   2.440859 	   0.274961
mean90_max10		1.840145 	 0.791777  	  1.675253    	    0.312998    	 1.937260 	 0.787292 	   1.756331 	   0.307992
mean80_max20		1.870507 	 0.807610  	  1.645669    	    0.321346    	 1.923508 	 0.820777 	   1.588524 	   0.363597
mean75_max25		1.998292 	 0.819717  	  1.632874    	    0.360059    	 1.998292 	 0.819717 	   1.632874 	   0.360059
mean70_max30		1.764196 	 0.836236  	  1.452703    	    0.402899    	 1.764196 	 0.836236 	   1.452703 	   0.402899
mean60_max40		1.782524 	 0.850666  	  1.451028    	    0.398408    	 1.782524 	 0.850666 	   1.451028 	   0.398408
mean50_max50		1.920171 	 0.866923  	  1.377666    	    0.446775    	 1.920171 	 0.866923 	   1.377666 	   0.446775
mean40_max60		1.843110 	 0.891354  	  1.358531    	    0.452348    	 1.843110 	 0.891354 	   1.358531 	   0.452348
mean30_max70		1.827405 	 0.884469  	  1.428012    	    0.439193    	 1.827496 	 0.943586 	   1.592329 	   0.554859
mean20_max80		1.862998 	 0.932053  	  1.451427    	    0.538794    	 1.859686 	 0.918031 	   1.428034 	   0.538298
mean10_max90		2.061140 	 0.990922  	  1.799469    	    0.625003    	 2.061140 	 0.990922 	   1.799469 	   0.625003

data41
mean100_max0		2.607559 	 0.801284  	  2.484958    	    0.275082    	 2.552375 	 0.802216 	   2.430490 	   0.274988
mean90_max10		1.852037 	 0.794655  	  1.726812    	    0.308385    	 1.866148 	 0.790010 	   1.688385 	   0.312749
mean80_max20		1.985708 	 0.812335  	  1.657370    	    0.339462    	 1.798646 	 0.831657 	   1.557569 	   0.351809
mean75_max25		1.732271 	 0.849731  	  1.515170    	    0.387940    	 1.899792 	 0.830992 	   1.527847 	   0.372750
mean70_max30		1.815074 	 0.895015  	  1.446812    	    0.455160    	 1.838417 	 0.888114 	   1.462301 	   0.466817
mean60_max40		2.188937 	 0.987053  	  1.791496    	    0.589888    	 1.805794 	 0.858129 	   1.563888 	   0.417280
mean50_max50		2.132558 	 0.964846  	  1.757598    	    0.592463    	 2.132558 	 0.964846 	   1.757598 	   0.592463
mean40_max60		1.819883 	 0.877445  	  1.461428    	    0.440163    	 1.819883 	 0.877445 	   1.461428 	   0.440163
mean30_max70		2.497891 	 1.187856  	  2.367878    	    0.864575    	 1.969881 	 0.903827 	   1.594210 	   0.458318
mean20_max80		1.750293 	 0.928523  	  1.351096    	    0.500607    	 1.750293 	 0.928523 	   1.351096 	   0.500607
mean10_max90		4.482508 	 2.099588  	  4.376803    	    1.900138    	 4.482508 	 2.099588 	   4.376803 	   1.900138

data42
mean100_max0		2.596565 	 0.802773  	  2.478950    	    0.275004    	 2.644057 	 0.801082 	   2.525429 	   0.275346
mean90_max10		1.847426 	 0.792383  	  1.642138    	    0.317458    	 1.847426 	 0.792383 	   1.642138 	   0.317458
mean80_max20		1.754924 	 0.817562  	  1.553480    	    0.361562    	 1.878666 	 0.814572 	   1.677099 	   0.343381
mean75_max25		1.956785 	 0.839029  	  1.534061    	    0.358636    	 1.765189 	 0.825824 	   1.556777 	   0.386682
mean70_max30		1.904488 	 0.870620  	  1.501528    	    0.424361    	 1.904488 	 0.870620 	   1.501528 	   0.424361
mean60_max40		1.886228 	 0.891767  	  1.440594    	    0.447901    	 1.899834 	 0.869528 	   1.448344 	   0.427031
mean50_max50		1.914041 	 0.917965  	  1.524365    	    0.472320    	 1.914041 	 0.917965 	   1.524365 	   0.472320
mean40_max60		1.958555 	 0.892808  	  1.352809    	    0.478075    	 1.958555 	 0.892808 	   1.352809 	   0.478075
mean30_max70		1.855082 	 0.921311  	  1.376475    	    0.521049    	 1.905913 	 0.986684 	   1.531245 	   0.608485
mean20_max80		1.967471 	 0.998098  	  1.522554    	    0.622000    	 1.773946 	 0.921385 	   1.357163 	   0.488811
mean10_max90		2.021391 	 1.044906  	  1.413554    	    0.715341    	 2.021391 	 1.044906 	   1.413554 	   0.715341

data43
mean100_max0		1.503795 	 0.740427  	  1.083054    	    0.163137    	 1.492404 	 0.739496 	   1.066494 	   0.162722
mean90_max10		1.488653 	 0.741259  	  0.890806    	    0.171424    	 1.488653 	 0.741259 	   0.890806 	   0.171424
mean80_max20		1.454159 	 0.772556  	  1.056558    	    0.211733    	 1.486122 	 0.759173 	   0.911308 	   0.200405
mean75_max25		1.598616 	 0.750350  	  0.820963    	    0.214209    	 1.476263 	 0.752466 	   0.802338 	   0.190012
mean70_max30		1.445630 	 0.782748  	  0.783612    	    0.250575    	 1.427785 	 0.770172 	   0.847599 	   0.258078
mean60_max40		1.813444 	 0.822054  	  0.899198    	    0.337714    	 1.813444 	 0.822054 	   0.899198 	   0.337714
mean50_max50		1.460642 	 0.807568  	  0.897534    	    0.296662    	 1.460642 	 0.807568 	   0.897534 	   0.296662
mean40_max60		1.546069 	 0.774612  	  0.670433    	    0.274093    	 1.529158 	 0.825563 	   0.827679 	   0.327118
mean30_max70		1.582570 	 0.812784  	  0.698018    	    0.329384    	 1.582570 	 0.812784 	   0.698018 	   0.329384
mean20_max80		1.676029 	 0.934970  	  1.211071    	    0.547827    	 1.676029 	 0.934970 	   1.211071 	   0.547827
mean10_max90		1.577868 	 0.852600  	  1.121550    	    0.365155    	 1.521395 	 0.814277 	   0.765807 	   0.316494

data44
mean100_max0		1.444128 	 0.741099  	  1.089816    	    0.163064    	 1.444128 	 0.741099 	   1.089816 	   0.163064
mean90_max10		1.417443 	 0.755094  	  0.869627    	    0.184861    	 1.498390 	 0.737451 	   0.892703 	   0.169985
mean80_max20		1.382547 	 0.758880  	  0.888138    	    0.194915    	 1.582230 	 0.748274 	   0.762674 	   0.194853
mean75_max25		1.513504 	 0.767862  	  1.007602    	    0.223473    	 1.618544 	 0.756392 	   0.801243 	   0.223658
mean70_max30		1.494570 	 0.751121  	  0.875882    	    0.203199    	 1.555923 	 0.787269 	   0.765477 	   0.269118
mean60_max40		1.415045 	 0.774857  	  0.699878    	    0.273342    	 1.545528 	 0.797767 	   0.886797 	   0.286333
mean50_max50		1.909104 	 1.019968  	  1.679529    	    0.660453    	 2.116587 	 1.120692 	   1.709297 	   0.764270
mean40_max60		1.678147 	 0.806342  	  0.715697    	    0.324120    	 1.526984 	 0.804454 	   0.811777 	   0.304461
mean30_max70		2.455142 	 1.016119  	  2.322548    	    0.622556    	 1.399631 	 0.798801 	   0.921827 	   0.301909
mean20_max80		1.718775 	 0.749998  	  0.721317    	    0.255179    	 1.718775 	 0.749998 	   0.721317 	   0.255179
mean10_max90		1.580282 	 0.805060  	  0.680867    	    0.314529    	 1.580282 	 0.805060 	   0.680867 	   0.314529

data45
mean100_max0		1.435087 	 0.735302  	  1.012479    	    0.166180    	 1.481384 	 0.739043 	   1.073262 	   0.162697
mean90_max10		1.518416 	 0.737095  	  0.903356    	    0.168923    	 1.512721 	 0.735292 	   0.892886 	   0.170318
mean80_max20		1.375362 	 0.757481  	  0.896154    	    0.191854    	 1.476666 	 0.737649 	   0.782498 	   0.197027
mean75_max25		1.493165 	 0.748095  	  0.728460    	    0.201234    	 1.487573 	 0.768457 	   0.763266 	   0.229355
mean70_max30		1.477256 	 0.754366  	  0.753248    	    0.215302    	 1.570657 	 0.791436 	   0.865687 	   0.256065
mean60_max40		1.509693 	 0.748262  	  0.739212    	    0.223797    	 1.509693 	 0.748262 	   0.739212 	   0.223797
mean50_max50		1.533619 	 0.790494  	  0.748530    	    0.300704    	 1.533619 	 0.790494 	   0.748530 	   0.300704
mean40_max60		1.433999 	 0.822912  	  0.936882    	    0.329926    	 1.433999 	 0.822912 	   0.936882 	   0.329926
mean30_max70		1.471614 	 0.781877  	  0.608300    	    0.277814    	 1.442023 	 0.785068 	   0.653907 	   0.267704
mean20_max80		1.506628 	 0.779360  	  0.732729    	    0.270291    	 1.506628 	 0.779360 	   0.732729 	   0.270291
mean10_max90		1.408141 	 0.796255  	  0.754140    	    0.304134    	 1.573313 	 0.829061 	   0.889729 	   0.354537

data46
mean100_max0		1.478869 	 0.739064  	  1.069841    	    0.162654    	 1.478869 	 0.739064 	   1.069841 	   0.162654
mean90_max10		1.481736 	 0.737500  	  0.884624    	    0.170687    	 1.481736 	 0.737500 	   0.884624 	   0.170687
mean80_max20		1.496794 	 0.747164  	  0.746696    	    0.194423    	 1.496794 	 0.747164 	   0.746696 	   0.194423
mean75_max25		1.534289 	 0.769398  	  0.729758    	    0.232297    	 1.443455 	 0.751930 	   0.793142 	   0.200255
mean70_max30		1.462769 	 0.745895  	  0.692174    	    0.224985    	 1.462769 	 0.745895 	   0.692174 	   0.224985
mean60_max40		1.600239 	 0.819880  	  0.917616    	    0.331223    	 1.600239 	 0.819880 	   0.917616 	   0.331223
mean50_max50		1.521053 	 0.782902  	  0.706725    	    0.269558    	 1.440195 	 0.792836 	   0.669103 	   0.275845
mean40_max60		1.528035 	 0.776674  	  0.612770    	    0.279263    	 1.528035 	 0.776674 	   0.612770 	   0.279263
mean30_max70		1.483156 	 0.803547  	  0.702393    	    0.332464    	 1.507906 	 0.786942 	   0.641674 	   0.295734
mean20_max80		1.503731 	 0.780315  	  0.596218    	    0.283085    	 1.503731 	 0.780315 	   0.596218 	   0.283085
mean10_max90		1.459335 	 0.784294  	  0.600007    	    0.295060    	 1.716587 	 0.799275 	   0.651517 	   0.309945

data47
mean100_max0		1.496180 	 0.743408  	  1.084139    	    0.164708    	 1.496180 	 0.743408 	   1.084139 	   0.164708
mean90_max10		1.508312 	 0.734288  	  0.840782    	    0.181293    	 1.480599 	 0.738392 	   0.881700 	   0.171178
mean80_max20		1.412325 	 0.754616  	  0.861941    	    0.190219    	 1.415976 	 0.757782 	   0.890187 	   0.193089
mean75_max25		1.627370 	 0.749735  	  0.773174    	    0.202818    	 1.548914 	 0.769560 	   0.805853 	   0.234155
mean70_max30		1.543112 	 0.773712  	  0.768108    	    0.237430    	 1.495882 	 0.753431 	   0.700407 	   0.215710
mean60_max40		1.642778 	 0.758929  	  0.819599    	    0.234879    	 1.642778 	 0.758929 	   0.819599 	   0.234879
mean50_max50		1.500247 	 0.800954  	  0.912018    	    0.366835    	 1.467723 	 0.845746 	   0.958115 	   0.375931
mean40_max60		1.520371 	 0.783975  	  0.580982    	    0.290227    	 1.520371 	 0.783975 	   0.580982 	   0.290227
mean30_max70		1.503613 	 0.787703  	  0.653853    	    0.297623    	 1.374546 	 0.780698 	   0.687660 	   0.273133
mean20_max80		1.422058 	 0.804830  	  0.727640    	    0.330491    	 1.422058 	 0.804830 	   0.727640 	   0.330491
mean10_max90		1.395219 	 0.780115  	  0.575844    	    0.280908    	 1.695966 	 0.897262 	   1.047525 	   0.450995

data48
mean100_max0		2.364358 	 0.789592  	  2.306336    	    0.229579    	 2.391819 	 0.788630 	   2.267656 	   0.230680
mean90_max10		2.200654 	 0.788460  	  2.096208    	    0.242500    	 2.204155 	 0.799195 	   2.098764 	   0.242046
mean80_max20		1.717141 	 0.844863  	  1.327041    	    0.411120    	 2.161608 	 0.809864 	   2.004413 	   0.282226
mean75_max25		1.660982 	 0.883247  	  1.382385    	    0.431461    	 1.660982 	 0.883247 	   1.382385 	   0.431461
mean70_max30		1.722827 	 0.856502  	  1.299275    	    0.428818    	 1.722827 	 0.856502 	   1.299275 	   0.428818
mean60_max40		1.844141 	 0.917247  	  1.194573    	    0.475898    	 1.844141 	 0.917247 	   1.194573 	   0.475898
mean50_max50		1.824764 	 0.897932  	  1.364281    	    0.485394    	 1.824764 	 0.897932 	   1.364281 	   0.485394
mean40_max60		1.785591 	 0.878681  	  1.228752    	    0.493696    	 1.785591 	 0.878681 	   1.228752 	   0.493696
mean30_max70		1.894507 	 1.051993  	  1.512926    	    0.723379    	 1.894507 	 1.051993 	   1.512926 	   0.723379
mean20_max80		1.738969 	 1.014006  	  1.339985    	    0.635970    	 1.738969 	 1.014006 	   1.339985 	   0.635970
mean10_max90		1.943632 	 0.992634  	  1.477078    	    0.623824    	 1.943632 	 0.992634 	   1.477078 	   0.623824

data49
mean100_max0		2.358226 	 0.787775  	  2.314416    	    0.229888    	 2.419816 	 0.784943 	   2.255597 	   0.231799
mean90_max10		2.244047 	 0.772240  	  2.088153    	    0.242706    	 2.161075 	 0.796521 	   2.079566 	   0.244336
mean80_max20		1.920518 	 0.800340  	  1.637245    	    0.330081    	 1.877869 	 0.797031 	   1.635174 	   0.333680
mean75_max25		1.738190 	 0.842517  	  1.425443    	    0.389524    	 1.836751 	 0.866265 	   1.388655 	   0.447136
mean70_max30		1.703616 	 0.889363  	  1.326513    	    0.467107    	 1.753868 	 0.897196 	   1.331214 	   0.451466
mean60_max40		1.858788 	 0.938232  	  1.309350    	    0.519905    	 1.808284 	 0.922664 	   1.224366 	   0.491208
mean50_max50		1.719867 	 0.876434  	  1.386589    	    0.467043    	 1.911852 	 0.919495 	   1.380149 	   0.490919
mean40_max60		1.785039 	 0.940746  	  1.321016    	    0.519516    	 1.785039 	 0.940746 	   1.321016 	   0.519516
mean30_max70		1.667870 	 0.931870  	  1.273388    	    0.534895    	 1.713101 	 0.910303 	   1.247678 	   0.506522
mean20_max80		1.738759 	 0.957920  	  1.407223    	    0.544961    	 1.738759 	 0.957920 	   1.407223 	   0.544961
mean10_max90		2.437852 	 1.144708  	  2.202176    	    0.822240    	 1.879733 	 0.894818 	   1.333113 	   0.458901

data50
mean100_max0		2.371869 	 0.789802  	  2.303011    	    0.229533    	 2.367409 	 0.790894 	   2.295436 	   0.229630
mean90_max10		2.227081 	 0.786916  	  2.091428    	    0.241810    	 2.232968 	 0.787255 	   2.083588 	   0.242545
mean80_max20		1.907022 	 0.820227  	  1.754613    	    0.302250    	 2.190651 	 0.796709 	   1.808427 	   0.287667
mean75_max25		1.825022 	 0.819453  	  1.455085    	    0.392136    	 1.767669 	 0.870169 	   1.315108 	   0.441728
mean70_max30		1.814235 	 0.837606  	  1.405020    	    0.410667    	 1.814235 	 0.837606 	   1.405020 	   0.410667
mean60_max40		1.742721 	 0.890131  	  1.233065    	    0.469385    	 1.742721 	 0.890131 	   1.233065 	   0.469385
mean50_max50		1.827317 	 0.901206  	  1.282062    	    0.467841    	 1.703885 	 0.888107 	   1.245751 	   0.467798
mean40_max60		1.802410 	 0.918507  	  1.239110    	    0.507948    	 1.802410 	 0.918507 	   1.239110 	   0.507948
mean30_max70		1.776760 	 0.902123  	  1.261644    	    0.509940    	 1.746111 	 0.933980 	   1.258622 	   0.541455
mean20_max80		1.708220 	 0.898932  	  1.285833    	    0.455783    	 1.708220 	 0.898932 	   1.285833 	   0.455783
mean10_max90		1.823391 	 0.946511  	  1.203020    	    0.540080    	 1.673161 	 0.902303 	   1.274665 	   0.507345

data51
mean100_max0		2.370761 	 0.787402  	  2.296887    	    0.229619    	 2.370761 	 0.787402 	   2.296887 	   0.229619
mean90_max10		2.235162 	 0.795520  	  2.100181    	    0.241237    	 2.189074 	 0.791176 	   2.108933 	   0.241258
mean80_max20		2.008522 	 0.812583  	  1.574844    	    0.342778    	 2.008522 	 0.812583 	   1.574844 	   0.342778
mean75_max25		1.777246 	 0.843772  	  1.387235    	    0.420108    	 1.773415 	 0.827329 	   1.501521 	   0.387815
mean70_max30		1.823115 	 0.849513  	  1.338860    	    0.420045    	 1.823115 	 0.849513 	   1.338860 	   0.420045
mean60_max40		1.787644 	 0.911229  	  1.251160    	    0.468506    	 1.787644 	 0.911229 	   1.251160 	   0.468506
mean50_max50		1.732018 	 0.933467  	  1.219201    	    0.498242    	 1.732018 	 0.933467 	   1.219201 	   0.498242
mean40_max60		1.753925 	 0.976009  	  1.201774    	    0.581942    	 1.801026 	 0.935158 	   1.265542 	   0.529129
mean30_max70		10.262236 	 4.192859  	  10.177849    	    4.083194    	 10.262236 	 4.192859 	   10.177849 	   4.083194
mean20_max80		1.713770 	 0.998154  	  1.230009    	    0.647297    	 1.713770 	 0.998154 	   1.230009 	   0.647297
mean10_max90		1.719383 	 0.943488  	  1.264480    	    0.559279    	 1.722428 	 0.910945 	   1.277638 	   0.521117

data52
mean100_max0		2.377844 	 0.787687  	  2.305443    	    0.229632    	 2.363719 	 0.784027 	   2.303069 	   0.229775
mean90_max10		2.256676 	 0.784834  	  2.085303    	    0.242114    	 2.209120 	 0.780006 	   2.062091 	   0.245445
mean80_max20		2.071569 	 0.833423  	  1.654143    	    0.373843    	 1.884667 	 0.815828 	   1.473561 	   0.371307
mean75_max25		1.938785 	 0.854065  	  1.682991    	    0.385649    	 1.933264 	 0.833105 	   1.677752 	   0.371487
mean70_max30		1.767935 	 0.903426  	  1.375156    	    0.475908    	 1.767935 	 0.903426 	   1.375156 	   0.475908
mean60_max40		1.824134 	 0.920085  	  1.229281    	    0.486436    	 1.824134 	 0.920085 	   1.229281 	   0.486436
mean50_max50		1.814003 	 0.935730  	  1.220600    	    0.513067    	 1.814003 	 0.935730 	   1.220600 	   0.513067
mean40_max60		1.790995 	 0.922540  	  1.216887    	    0.509343    	 1.790995 	 0.922540 	   1.216887 	   0.509343
mean30_max70		1.682650 	 1.003842  	  1.387478    	    0.651225    	 1.682650 	 1.003842 	   1.387478 	   0.651225
mean20_max80		1.770198 	 0.991830  	  1.278350    	    0.601633    	 1.770198 	 0.991830 	   1.278350 	   0.601633
mean10_max90		1.864897 	 0.905899  	  1.342570    	    0.506087    	 1.864897 	 0.905899 	   1.342570 	   0.506087

data53
mean100_max0		10.570671 	 1.969844  	  10.327875    	    0.623459    	 10.555837 	 1.983190 	   10.205223 	   0.622256
mean90_max10		9.383286 	 2.044363  	  9.271663    	    0.723133    	 9.383286 	 2.044363 	   9.271663 	   0.723133
mean80_max20		6.580738 	 2.768688  	  6.266032    	    1.809928    	 5.989251 	 2.315184 	   5.943028 	   1.294943
mean75_max25		6.852884 	 2.620773  	  6.401617    	    1.547124    	 6.057357 	 2.840773 	   5.558021 	   1.976783
mean70_max30		6.691507 	 2.538199  	  6.158748    	    1.431037    	 6.691507 	 2.538199 	   6.158748 	   1.431037
mean60_max40		5.200690 	 2.993899  	  4.726862    	    2.172842    	 6.617764 	 2.541869 	   6.116977 	   1.520618
mean50_max50		5.318058 	 3.057086  	  4.669076    	    2.228459    	 5.318058 	 3.057086 	   4.669076 	   2.228459
mean40_max60		7.461429 	 3.429957  	  6.645762    	    2.824957    	 5.597056 	 3.264634 	   4.741779 	   2.574392
mean30_max70		5.731432 	 2.963417  	  5.259357    	    2.229986    	 6.222421 	 2.939237 	   5.756599 	   2.147587
mean20_max80		5.373495 	 3.178538  	  4.726610    	    2.488635    	 5.461915 	 3.112229 	   4.659041 	   2.401050
mean10_max90		5.161109 	 3.060317  	  4.359876    	    2.340638    	 6.162239 	 3.497032 	   5.179950 	   2.823061

data54
mean100_max0		10.398600 	 1.979749  	  10.279726    	    0.627196    	 10.545521 	 1.962972 	   10.271058 	   0.623106
mean90_max10		9.497508 	 1.981715  	  9.416229    	    0.680239    	 9.623326 	 2.024852 	   9.492864 	   0.668245
mean80_max20		6.752855 	 2.435136  	  6.549591    	    1.388896    	 6.297045 	 2.508798 	   5.966286 	   1.453929
mean75_max25		5.310523 	 2.499536  	  4.735294    	    1.479364    	 6.328433 	 2.453784 	   5.987511 	   1.410208
mean70_max30		6.872992 	 2.630533  	  6.228811    	    1.515800    	 6.872992 	 2.630533 	   6.228811 	   1.515800
mean60_max40		5.479682 	 2.966785  	  4.763869    	    2.121698    	 5.550241 	 2.985007 	   4.787121 	   2.145483
mean50_max50		5.541158 	 3.144480  	  4.652812    	    2.318121    	 5.439576 	 2.952136 	   4.811100 	   2.147441
mean40_max60		5.309614 	 3.117770  	  4.538480    	    2.349801    	 5.351387 	 2.991142 	   4.602518 	   2.225005
mean30_max70		6.990190 	 3.076326  	  6.875038    	    2.319758    	 5.339893 	 3.182481 	   4.599666 	   2.387730
mean20_max80		5.589992 	 3.049470  	  4.654609    	    2.318176    	 5.589992 	 3.049470 	   4.654609 	   2.318176
mean10_max90		6.572903 	 3.388833  	  6.182333    	    2.715569    	 5.533282 	 3.362965 	   4.831678 	   2.740731

data55
mean100_max0		10.294529 	 2.012850  	  10.204131    	    0.630141    	 10.765997 	 2.013099 	   10.377128 	   0.625492
mean90_max10		7.451698 	 2.058595  	  7.252333    	    0.861065    	 7.206017 	 2.107014 	   6.950503 	   0.885572
mean80_max20		5.633993 	 2.332521  	  5.167295    	    1.247050    	 6.179192 	 2.296411 	   5.606895 	   1.217290
mean75_max25		5.659786 	 2.315367  	  5.157805    	    1.199696    	 5.237494 	 2.356519 	   4.561183 	   1.238352
mean70_max30		5.341227 	 2.335548  	  4.674779    	    1.257664    	 5.378560 	 2.361402 	   4.703664 	   1.233587
mean60_max40		5.907652 	 2.320521  	  5.635652    	    1.182257    	 5.172833 	 2.359759 	   4.706325 	   1.245115
mean50_max50		5.493959 	 2.281884  	  5.320149    	    1.184389    	 5.493959 	 2.281884 	   5.320149 	   1.184389
mean40_max60		5.023602 	 2.424199  	  4.422743    	    1.440167    	 5.321898 	 2.362299 	   4.506468 	   1.289991
mean30_max70		5.258439 	 2.915520  	  4.335354    	    2.096314    	 5.080401 	 2.868414 	   4.392822 	   1.892844
mean20_max80		7.260949 	 2.280351  	  7.242345    	    1.241059    	 5.072530 	 2.973537 	   4.375262 	   2.197789
mean10_max90		4.841891 	 2.774512  	  4.387734    	    1.931114    	 5.081433 	 2.539729 	   4.792999 	   1.593486

data56
mean100_max0		10.615864 	 1.983799  	  10.274636    	    0.640113    	 10.375730 	 2.017926 	   10.218297 	   0.625502
mean90_max10		9.465305 	 2.024341  	  9.430202    	    0.679034    	 9.691900 	 1.999012 	   9.514341 	   0.665409
mean80_max20		6.703521 	 2.519895  	  6.514194    	    1.402948    	 5.988762 	 2.688175 	   5.383594 	   1.820440
mean75_max25		6.174383 	 2.540702  	  5.835958    	    1.555603    	 6.487924 	 2.511554 	   5.989783 	   1.418374
mean70_max30		5.615754 	 2.785813  	  5.099613    	    1.828459    	 6.021928 	 2.665882 	   5.458408 	   1.640173
mean60_max40		5.358488 	 2.986306  	  4.730820    	    2.167433    	 5.124761 	 2.427439 	   4.460250 	   1.356982
mean50_max50		5.306451 	 3.014354  	  4.663846    	    2.194662    	 5.392535 	 2.972213 	   4.641273 	   2.142197
mean40_max60		5.472947 	 2.856716  	  4.542712    	    2.085651    	 5.301479 	 2.991439 	   4.573522 	   2.248205
mean30_max70		5.612697 	 3.038115  	  4.969714    	    2.199038    	 5.585747 	 2.840941 	   4.740406 	   2.080884
mean20_max80		5.574302 	 3.173417  	  4.886757    	    2.388107    	 5.767678 	 3.191022 	   5.235049 	   2.465665
mean10_max90		6.337887 	 4.015041  	  5.977510    	    3.508147    	 8.033693 	 3.565883 	   7.539789 	   2.807127

data57
mean100_max0		10.519239 	 1.983887  	  10.201766    	    0.622540    	 10.644177 	 1.946314 	   10.238813 	   0.621671
mean90_max10		9.158091 	 2.060989  	  9.126034    	    0.778376    	 9.158091 	 2.060989 	   9.126034 	   0.778376
mean80_max20		5.308214 	 2.621112  	  5.039938    	    1.724019    	 5.969367 	 2.787041 	   5.532360 	   1.916697
mean75_max25		5.542782 	 2.726480  	  4.941109    	    1.856021    	 5.411713 	 2.690685 	   4.964059 	   1.830232
mean70_max30		5.797329 	 2.365414  	  5.095805    	    1.322345    	 6.427068 	 2.562575 	   5.959444 	   1.454733
mean60_max40		5.065661 	 2.426700  	  4.458686    	    1.393671    	 5.299308 	 2.478097 	   4.548694 	   1.345675
mean50_max50		6.225741 	 2.550009  	  5.739385    	    1.528775    	 6.378799 	 2.748669 	   6.071071 	   1.798210
mean40_max60		6.469394 	 2.586721  	  5.566617    	    1.674725    	 5.595984 	 3.277369 	   4.723400 	   2.617328
mean30_max70		5.433279 	 3.026075  	  4.891616    	    2.270772    	 5.843897 	 3.161301 	   5.236504 	   2.368353
mean20_max80		6.288710 	 3.305360  	  5.853892    	    2.614716    	 5.423533 	 2.706561 	   4.506088 	   1.860826
mean10_max90		10.219946 	 6.043338  	  10.041814    	    5.688999    	 7.092926 	 4.757531 	   6.596001 	   4.334392

data58
mean100_max0		5.349480 	 2.002500  	  4.755431    	    0.685081    	 5.347033 	 1.993288 	   4.748625 	   0.685814
mean90_max10		4.987002 	 1.992135  	  4.501811    	    0.699900    	 4.960757 	 1.991778 	   4.502892 	   0.699955
mean80_max20		4.950647 	 1.993592  	  4.236728    	    0.750384    	 4.925691 	 2.029456 	   4.144732 	   0.774778
mean75_max25		4.030546 	 2.122789  	  3.203844    	    1.012611    	 4.504858 	 2.127210 	   3.197817 	   1.026177
mean70_max30		4.390390 	 2.166864  	  3.177015    	    1.049643    	 4.390390 	 2.166864 	   3.177015 	   1.049643
mean60_max40		4.541806 	 2.202668  	  3.030851    	    1.176196    	 5.130222 	 2.271834 	   2.876691 	   1.279654
mean50_max50		4.448466 	 2.220693  	  2.824049    	    1.165353    	 4.870624 	 2.262622 	   2.865298 	   1.254767
mean40_max60		4.563136 	 2.378402  	  2.970242    	    1.418666    	 4.563136 	 2.378402 	   2.970242 	   1.418666
mean30_max70		4.851532 	 2.305610  	  2.769953    	    1.335477    	 4.886322 	 2.281722 	   2.661405 	   1.297743
mean20_max80		5.209926 	 2.374871  	  2.988451    	    1.385530    	 5.209926 	 2.374871 	   2.988451 	   1.385530
mean10_max90		4.580380 	 2.316803  	  2.692160    	    1.335362    	 4.159138 	 2.382458 	   2.938557 	   1.462842

data59
mean100_max0		5.266159 	 1.998765  	  4.743419    	    0.685389    	 5.381759 	 2.004473 	   4.767063 	   0.684283
mean90_max10		5.219412 	 1.984456  	  4.514224    	    0.699982    	 5.029934 	 1.991707 	   4.506210 	   0.699410
mean80_max20		4.383512 	 2.119421  	  3.224784    	    1.004539    	 4.383512 	 2.119421 	   3.224784 	   1.004539
mean75_max25		4.339895 	 2.132850  	  3.163874    	    1.033026    	 4.413884 	 2.224811 	   3.161028 	   1.088898
mean70_max30		4.243145 	 2.216043  	  2.801498    	    1.206619    	 4.243145 	 2.216043 	   2.801498 	   1.206619
mean60_max40		4.361535 	 2.246929  	  2.869999    	    1.236110    	 4.750387 	 2.245362 	   2.776458 	   1.193608
mean50_max50		4.055611 	 2.122558  	  3.565283    	    1.034866    	 4.419538 	 2.308313 	   2.683933 	   1.296788
mean40_max60		4.133359 	 2.250775  	  2.785125    	    1.209781    	 5.150808 	 2.295629 	   3.149182 	   1.295450
mean30_max70		4.659616 	 2.249831  	  2.980409    	    1.241895    	 4.432476 	 2.276904 	   2.846672 	   1.317519
mean20_max80		4.347006 	 2.384842  	  2.822116    	    1.442396    	 4.347006 	 2.384842 	   2.822116 	   1.442396
mean10_max90		5.404620 	 2.236369  	  3.425878    	    1.261594    	 4.094919 	 2.236962 	   2.807876 	   1.214741

data60
mean100_max0		5.240417 	 2.000936  	  4.732702    	    0.685946    	 5.239904 	 2.003621 	   4.755096 	   0.685234
mean90_max10		5.099263 	 1.991305  	  4.504559    	    0.699263    	 5.099263 	 1.991305 	   4.504559 	   0.699263
mean80_max20		4.900577 	 2.000594  	  4.189294    	    0.756456    	 4.900577 	 2.000594 	   4.189294 	   0.756456
mean75_max25		4.518405 	 2.153385  	  3.187883    	    1.068422    	 5.049839 	 2.210936 	   3.434453 	   1.076477
mean70_max30		4.577598 	 2.460038  	  3.335326    	    1.528811    	 4.577598 	 2.460038 	   3.335326 	   1.528811
mean60_max40		4.572756 	 2.441996  	  3.543368    	    1.520939    	 4.572756 	 2.441996 	   3.543368 	   1.520939
mean50_max50		9.190389 	 4.051088  	  8.612517    	    3.536574    	 6.916648 	 2.568033 	   6.376816 	   1.770523
mean40_max60		9.375208 	 3.791219  	  8.831099    	    3.257297    	 8.540818 	 3.729373 	   7.856087 	   3.038894
mean30_max70		3.963331 	 2.287321  	  2.787567    	    1.308835    	 3.963331 	 2.287321 	   2.787567 	   1.308835
mean20_max80		13.321168 	 5.357230  	  12.841365    	    4.806655    	 14.685181 	 6.221123 	   14.580211 	   5.731999
mean10_max90		6.058347 	 2.588551  	  4.739371    	    1.749774    	 6.058347 	 2.588551 	   4.739371 	   1.749774

data61
mean100_max0		5.355519 	 1.999909  	  4.749090    	    0.684651    	 5.273649 	 2.002470 	   4.743030 	   0.685771
mean90_max10		5.036771 	 1.984853  	  4.493418    	    0.701648    	 5.036771 	 1.984853 	   4.493418 	   0.701648
mean80_max20		4.317400 	 2.084234  	  3.349949    	    0.970049    	 4.787291 	 1.999078 	   4.191171 	   0.757211
mean75_max25		4.394269 	 2.126879  	  3.178450    	    1.014305    	 4.598930 	 2.220336 	   3.222574 	   1.075733
mean70_max30		4.467989 	 2.296265  	  3.162280    	    1.292800    	 4.293339 	 2.191025 	   2.961125 	   1.156946
mean60_max40		5.404082 	 2.155744  	  3.144206    	    1.121047    	 5.404082 	 2.155744 	   3.144206 	   1.121047
mean50_max50		4.234644 	 2.254051  	  2.848946    	    1.226875    	 4.814257 	 2.236022 	   2.909422 	   1.189019
mean40_max60		4.106292 	 2.305821  	  3.007425    	    1.333394    	 4.106292 	 2.305821 	   3.007425 	   1.333394
mean30_max70		4.586085 	 2.333185  	  3.847372    	    1.331718    	 4.411106 	 2.470416 	   3.366829 	   1.558883
mean20_max80		4.119303 	 2.217369  	  2.863493    	    1.225984    	 4.568931 	 2.317466 	   3.715669 	   1.407245
mean10_max90		4.068465 	 2.337777  	  2.845912    	    1.344278    	 4.264961 	 2.312230 	   2.833307 	   1.345998

data62
mean100_max0		5.378867 	 1.997820  	  4.755131    	    0.684441    	 5.253082 	 1.996155 	   4.762286 	   0.686356
mean90_max10		4.962554 	 1.992469  	  4.510667    	    0.699760    	 4.962554 	 1.992469 	   4.510667 	   0.699760
mean80_max20		4.857611 	 2.003641  	  4.200023    	    0.753648    	 4.857611 	 2.003641 	   4.200023 	   0.753648
mean75_max25		4.304795 	 2.160169  	  3.119005    	    1.063094    	 4.304795 	 2.160169 	   3.119005 	   1.063094
mean70_max30		5.218268 	 2.117606  	  3.558565    	    0.985551    	 4.725885 	 2.195072 	   2.909994 	   1.212435
mean60_max40		7.399909 	 4.200003  	  6.945785    	    3.622033    	 4.089923 	 2.266625 	   2.793862 	   1.280905
mean50_max50		5.344644 	 2.288776  	  3.286582    	    1.332065    	 5.344644 	 2.288776 	   3.286582 	   1.332065
mean40_max60		4.815592 	 2.217992  	  3.532127    	    1.200383    	 5.730516 	 2.495549 	   5.454016 	   1.603623
mean30_max70		4.215943 	 2.284471  	  2.640729    	    1.311200    	 4.816737 	 2.288326 	   2.683647 	   1.317470
mean20_max80		4.401773 	 2.228640  	  2.857262    	    1.216816    	 4.401773 	 2.228640 	   2.857262 	   1.216816
mean10_max90		4.086408 	 2.338909  	  2.654167    	    1.376016    	 4.868941 	 2.285213 	   3.014773 	   1.294014

data63
mean100_max0		5.146931 	 1.968816  	  4.700905    	    0.676893    	 5.199945 	 1.969246 	   4.715804 	   0.676989
mean90_max10		5.384013 	 1.995129  	  3.798506    	    0.746237    	 4.604976 	 2.013628 	   3.578770 	   0.803128
mean80_max20		4.126073 	 2.085533  	  2.509747    	    0.959054    	 5.259158 	 2.052772 	   3.051426 	   0.854422
mean75_max25		4.034911 	 2.119663  	  2.840119    	    0.939938    	 3.868016 	 2.062015 	   2.581563 	   0.940299
mean70_max30		4.174823 	 2.287239  	  3.187264    	    1.173008    	 3.693888 	 2.062094 	   2.637269 	   0.944894
mean60_max40		3.800412 	 2.107761  	  2.465719    	    1.066119    	 3.950522 	 2.115537 	   2.396604 	   1.022402
mean50_max50		4.723571 	 2.250324  	  2.569125    	    1.251595    	 4.723571 	 2.250324 	   2.569125 	   1.251595
mean40_max60		4.023985 	 2.099551  	  2.418065    	    1.027535    	 3.864275 	 2.113578 	   2.534829 	   1.011628
mean30_max70		4.308946 	 2.486250  	  3.250699    	    1.515516    	 4.991772 	 2.149655 	   2.743533 	   1.155903
mean20_max80		4.206240 	 2.387336  	  3.444072    	    1.485602    	 4.206240 	 2.387336 	   3.444072 	   1.485602
mean10_max90		4.096622 	 2.197842  	  2.419240    	    1.205507    	 3.968288 	 2.257624 	   2.885723 	   1.247354

data64
mean100_max0		5.011832 	 1.957177  	  4.753841    	    0.676585    	 5.011832 	 1.957177 	   4.753841 	   0.676585
mean90_max10		4.973050 	 2.023822  	  4.040252    	    0.767385    	 4.875010 	 2.038179 	   3.834517 	   0.772483
mean80_max20		4.329592 	 2.049825  	  2.752714    	    0.874345    	 4.075101 	 2.098782 	   2.536681 	   0.974214
mean75_max25		3.916280 	 2.093651  	  2.508810    	    0.962835    	 4.455271 	 2.062724 	   2.867316 	   0.887351
mean70_max30		4.416864 	 2.025499  	  3.154292    	    0.840892    	 4.442173 	 2.080347 	   3.507903 	   0.939901
mean60_max40		6.347148 	 2.279358  	  5.804271    	    1.308860    	 4.324695 	 2.178570 	   2.472022 	   1.106132
mean50_max50		4.093586 	 2.171969  	  2.484707    	    1.136697    	 4.443414 	 2.346671 	   3.604209 	   1.249163
mean40_max60		3.728920 	 2.110954  	  2.439257    	    1.042838    	 5.983402 	 2.103762 	   4.579232 	   0.983788
mean30_max70		4.395882 	 2.320172  	  3.288374    	    1.257462    	 5.153505 	 2.689763 	   4.116108 	   1.778832
mean20_max80		5.622273 	 2.806284  	  4.857928    	    1.954234    	 4.685056 	 2.245357 	   2.419633 	   1.303333
mean10_max90		4.069865 	 2.247642  	  2.853909    	    1.270676    	 4.163234 	 2.372176 	   2.902929 	   1.462065

data65
mean100_max0		4.984301 	 1.970395  	  4.756995    	    0.676685    	 5.045118 	 1.967017 	   4.733569 	   0.676547
mean90_max10		4.545100 	 1.982655  	  3.505514    	    0.773136    	 4.750275 	 2.021579 	   3.615057 	   0.766640
mean80_max20		3.924907 	 2.051101  	  2.627118    	    0.914518    	 3.869248 	 2.060299 	   2.943230 	   0.879002
mean75_max25		4.640589 	 2.073861  	  3.066530    	    0.897779    	 4.033746 	 2.067087 	   2.675198 	   0.898252
mean70_max30		3.797883 	 2.095760  	  2.647551    	    0.920688    	 4.583794 	 2.277103 	   3.496510 	   1.109104
mean60_max40		4.254659 	 2.087901  	  3.238995    	    0.952779    	 4.254659 	 2.087901 	   3.238995 	   0.952779
mean50_max50		4.603983 	 2.274383  	  3.769698    	    1.093360    	 6.363946 	 2.757560 	   5.719733 	   1.896995
mean40_max60		4.892156 	 2.172492  	  2.778709    	    1.140449    	 4.892156 	 2.172492 	   2.778709 	   1.140449
mean30_max70		5.640530 	 2.897228  	  4.867332    	    2.101077    	 4.273976 	 2.378556 	   2.805333 	   1.484746
mean20_max80		4.324426 	 2.321660  	  2.924361    	    1.369956    	 4.668814 	 2.262494 	   2.534898 	   1.282086
mean10_max90		3.951151 	 2.139074  	  2.377678    	    1.065497    	 3.951151 	 2.139074 	   2.377678 	   1.065497

data66
mean100_max0		5.145632 	 1.969273  	  4.725797    	    0.677246    	 4.987583 	 1.964853 	   4.734810 	   0.676526
mean90_max10		5.199029 	 1.999248  	  3.881416    	    0.758444    	 4.334971 	 2.009218 	   3.317138 	   0.791267
mean80_max20		4.378002 	 2.036952  	  2.940147    	    0.863681    	 4.718169 	 2.182730 	   3.493072 	   1.008184
mean75_max25		7.090049 	 2.131152  	  6.559767    	    0.995626    	 7.090049 	 2.131152 	   6.559767 	   0.995626
mean70_max30		6.887247 	 2.133746  	  5.554188    	    1.012800    	 6.887247 	 2.133746 	   5.554188 	   1.012800
mean60_max40		4.002934 	 2.122790  	  2.500204    	    1.022562    	 4.002934 	 2.122790 	   2.500204 	   1.022562
mean50_max50		5.360531 	 2.847398  	  4.067034    	    2.025945    	 4.531771 	 2.447686 	   3.313474 	   1.484453
mean40_max60		6.198804 	 2.966283  	  5.749275    	    2.235794    	 6.606205 	 3.766295 	   6.306188 	   3.185541
mean30_max70		5.984011 	 3.077991  	  5.277943    	    2.313787    	 6.463960 	 3.585922 	   5.752343 	   2.945453
mean20_max80		5.287141 	 2.523994  	  4.111193    	    1.558835    	 7.207167 	 4.096334 	   6.726584 	   3.542139
mean10_max90		6.171002 	 3.352828  	  5.644212    	    2.660321    	 5.857537 	 3.142109 	   5.395950 	   2.391266

data67
mean100_max0		5.123115 	 1.958745  	  4.697847    	    0.675885    	 5.158389 	 1.957741 	   4.719950 	   0.676385
mean90_max10		4.466866 	 2.000018  	  3.357142    	    0.784999    	 5.507388 	 2.022747 	   4.144080 	   0.774797
mean80_max20		3.789635 	 2.113544  	  2.444507    	    1.019897    	 4.153508 	 2.126912 	   2.739469 	   0.996148
mean75_max25		4.772151 	 2.175640  	  3.482316    	    0.975628    	 5.035764 	 2.445985 	   4.399523 	   1.446873
mean70_max30		4.427721 	 2.279370  	  3.798033    	    1.204279    	 4.683772 	 2.220236 	   3.850387 	   1.110244
mean60_max40		4.649896 	 2.362578  	  3.577545    	    1.253299    	 5.170041 	 2.507078 	   3.909301 	   1.542668
mean50_max50		4.356301 	 2.236930  	  3.193044    	    1.171188    	 4.579456 	 2.328636 	   3.838902 	   1.247235
mean40_max60		5.065001 	 2.361637  	  3.561756    	    1.327915    	 4.573396 	 2.343553 	   3.880126 	   1.286104
mean30_max70		4.615954 	 2.514134  	  3.487812    	    1.525970    	 4.615954 	 2.514134 	   3.487812 	   1.525970
mean20_max80		3.696638 	 2.096045  	  2.408871    	    1.038750    	 3.988429 	 2.071892 	   2.518467 	   0.984508
mean10_max90		4.624708 	 2.360408  	  4.192779    	    1.350887    	 4.581206 	 2.313154 	   3.328832 	   1.290767
